0.560784  -1.47222
0.929971  0.493414
2.52641  -1.8414
2.8956  0.124227
0.191596  -3.43785
-0.177591  -5.40347
2.15723  -3.80703
1.78804  -5.77266
-1.40485  -1.10303
-1.03566  0.862602
-3.37048  -0.73384
-3.00129  1.23179
-1.77403  -3.06866
-2.14322  -5.03429
-3.73966  -2.69947
-4.10885  -4.6651
1.66835  4.42467
1.29916  2.45904
3.63398  4.05549
3.26479  2.08986
2.03753  6.3903
2.40672  8.35593
4.00316  6.02112
4.37235  7.98675
-0.297283  4.79386
-0.666471  2.82823
-2.26291  5.16305
-2.6321  3.19742
0.0719043  6.75949
0.441092  8.72512
-1.89373  7.12868
-1.52454  9.09431
6.45767  -2.57978
6.82686  -0.614148
4.49204  -2.21059
4.86123  -0.244961
6.08849  -4.54541
5.7193  -6.51104
4.12286  -4.17622
3.75367  -6.14185
8.4233  -2.94897
8.79249  -0.983336
10.3889  -3.31815
10.7581  -1.35252
8.05412  -4.9146
7.68493  -6.88023
10.0197  -5.28378
9.65056  -7.24941
7.56524  3.31711
7.19605  1.35148
5.59961  3.6863
5.23042  1.72067
7.93442  5.28274
8.30361  7.24837
5.96879  5.65193
6.33798  7.61756
9.53087  2.94792
9.16168  0.982294
11.4965  2.57874
11.1273  0.613106
9.90005  4.91355
10.2692  6.87918
11.8657  4.54437
12.2349  6.51
-0.48607  -3.13403
-0.116883  -1.1684
1.47956  -3.50322
1.84875  -1.53759
-0.855258  -5.09966
-1.22445  -7.06529
1.11037  -5.46885
0.741184  -7.43448
-2.4517  -2.76485
-2.08251  -0.799217
-4.41733  -2.39566
-4.04814  -0.43003
-2.82089  -4.73048
-3.19008  -6.69611
-4.78652  -4.36129
-5.1557  -6.32692
0.621493  2.76285
0.252305  0.797225
2.58712  2.39367
2.21793  0.428037
0.99068  4.72848
1.35987  6.69411
2.95631  4.3593
3.3255  6.32493
-1.34414  3.13204
-1.71332  1.16641
-3.30977  3.50123
-3.67895  1.5356
-0.97495  5.09767
-0.605762  7.0633
-2.94058  5.46686
-2.57139  7.43249
5.41082  -4.2416
5.78001  -2.27597
3.44519  -3.87241
3.81438  -1.90678
5.04163  -6.20723
4.67244  -8.17286
3.076  -5.83804
2.70681  -7.80367
7.37645  -4.61078
7.74564  -2.64516
9.34208  -4.97997
9.71127  -3.01434
7.00726  -6.57641
6.63807  -8.54204
8.97289  -6.9456
8.6037  -8.91123
6.51838  1.65529
6.14919  -0.310338
4.55275  2.02448
4.18356  0.0588499
6.88757  3.62092
7.25676  5.58655
4.92194  3.99011
5.29113  5.95574
8.48401  1.2861
8.11482  -0.679525
10.4496  0.916917
10.0805  -1.04871
8.8532  3.25173
9.22239  5.21736
10.8188  2.88255
11.188  4.84818
-1.10104  -0.425361
-0.731848  1.54027
0.864594  -0.794549
1.23378  1.17108
-1.47022  -2.39099
-1.83941  -4.35662
0.495407  -2.76018
0.126219  -4.72581
-3.06667  -0.0561738
-2.69748  1.90946
-5.0323  0.313014
-4.66311  2.27864
-3.43585  -2.0218
-3.80504  -3.98743
-5.40148  -1.65262
-5.77067  -3.61825
0.00652721  5.47153
-0.36266  3.5059
1.97216  5.10234
1.60297  3.13671
0.375715  7.43716
0.744902  9.40279
2.34134  7.06797
2.71053  9.0336
-1.9591  5.84072
-2.32829  3.87509
-3.92473  6.2099
-4.29392  4.24427
-1.58992  7.80635
-1.22073  9.77198
-3.55554  8.17553
-3.18636  10.1412
4.79585  -1.53292
5.16504  0.432706
2.83022  -1.16374
3.19941  0.801893
4.42667  -3.49855
4.05748  -5.46418
2.46104  -3.12937
2.09185  -5.095
6.76148  -1.90211
7.13067  0.0635181
8.72711  -2.2713
9.0963  -0.305669
6.3923  -3.86774
6.02311  -5.83337
8.35793  -4.23693
7.98874  -6.20256
5.90342  4.36397
5.53423  2.39834
3.93779  4.73315
3.5686  2.76752
6.2726  6.3296
6.64179  8.29522
4.30697  6.69878
4.67616  8.66441
7.86905  3.99478
7.49986  2.02915
9.83468  3.62559
9.46549  1.65996
8.23823  5.96041
8.60742  7.92604
10.2039  5.59122
10.5731  7.55685
-2.14789  -2.08718
-1.7787  -0.121551
-0.18226  -2.45637
0.186928  -0.490738
-2.51708  -4.05281
-2.88626  -6.01844
-0.551447  -4.422
-0.920635  -6.38763
-4.11352  -1.71799
-3.74433  0.247637
-6.07915  -1.34881
-5.70996  0.616824
-4.48271  -3.68362
-4.85189  -5.64925
-6.44834  -3.31444
-6.81752  -5.28007
-1.04033  3.80971
-1.40951  1.84408
0.925303  3.44052
0.556115  1.47489
-0.671139  5.77534
-0.301952  7.74097
1.29449  5.40615
1.66368  7.37178
-3.00596  4.1789
-3.37514  2.21327
-4.97159  4.54808
-5.34077  2.58245
-2.63677  6.14453
-2.26758  8.11016
-4.6024  6.51371
-4.23321  8.47934
3.749  -3.19474
4.11819  -1.22911
1.78337  -2.82556
2.15256  -0.859926
3.37981  -5.16037
3.01062  -7.126
1.41418  -4.79119
1.04499  -6.75682
5.71463  -3.56393
6.08382  -1.5983
7.68026  -3.93312
8.04945  -1.96749
5.34544  -5.52956
4.97625  -7.49519
7.31107  -5.89875
6.94188  -7.86438
4.85656  2.70215
4.48738  0.736516
2.89093  3.07133
2.52175  1.1057
5.22575  4.66778
5.59494  6.63341
3.26012  5.03696
3.62931  7.00259
6.82219  2.33296
6.453  0.367329
8.78782  1.96377
8.41863  -0.00185898
7.19138  4.29859
7.56057  6.26422
9.15701  3.9294
9.5262  5.89503
1.60764  0.189604
1.97683  2.15523
3.57327  -0.179584
3.94246  1.78605
1.23845  -1.77603
0.869262  -3.74166
3.20408  -2.14521
2.83489  -4.11084
-0.357992  0.558792
0.0111954  2.52442
-2.32362  0.927979
-1.95443  2.89361
-0.72718  -1.40684
-1.09637  -3.37247
-2.69281  -1.03765
-3.062  -3.00328
2.7152  6.08649
2.34601  4.12086
4.68083  5.71731
4.31164  3.75168
3.08439  8.05212
3.45358  10.0178
5.05002  7.68294
5.41921  9.64857
0.749571  6.45568
0.380383  4.49005
-1.21606  6.82487
-1.58525  4.85924
1.11876  8.42131
1.48795  10.3869
-0.846872  8.7905
-0.477684  10.7561
7.50453  -0.917959
7.87371  1.04767
5.5389  -0.548771
5.90808  1.41686
7.13534  -2.88359
6.76615  -4.84922
5.16971  -2.5144
4.80052  -4.48003
9.47016  -1.28715
9.83934  0.678483
11.4358  -1.65633
11.805  0.309296
9.10097  -3.25278
8.73178  -5.21841
11.0666  -3.62196
10.6974  -5.58759
8.61209  4.97893
8.2429  3.0133
6.64646  5.34812
6.27727  3.38249
8.98128  6.94456
9.35047  8.91019
7.01565  7.31375
7.38484  9.27938
10.5777  4.60974
10.2085  2.64411
12.5433  4.24056
12.1742  2.27493
10.9469  6.57537
11.3161  8.541
12.9125  6.20619
13.2817  8.17182
2.65449  1.85142
3.02368  3.81705
4.62012  1.48224
4.98931  3.44787
2.2853  -0.114207
1.91612  -2.07984
4.25093  -0.483394
3.88175  -2.44902
0.688862  2.22061
1.05805  4.18624
-1.27677  2.5898
-0.90758  4.55543
0.319674  0.254981
-0.0495134  -1.71065
-1.64596  0.624169
-2.01514  -1.34146
3.76205  7.74831
3.39287  5.78268
5.72768  7.37913
5.3585  5.4135
4.13124  9.71394
4.50043  11.6796
6.09687  9.34475
6.46606  11.3104
1.79642  8.1175
1.42724  6.15187
-0.169205  8.48669
-0.538393  6.52106
2.16561  10.0831
2.5348  12.0488
0.199982  10.4523
0.56917  12.4179
8.55138  0.74386
8.92057  2.70949
6.58575  1.11305
6.95494  3.07868
8.18219  -1.22177
7.81301  -3.1874
6.21656  -0.852582
5.84738  -2.81821
10.517  0.374673
10.8862  2.3403
12.4826  0.00548532
12.8518  1.97112
10.1478  -1.59096
9.77864  -3.55659
12.1135  -1.96014
11.7443  -3.92577
9.65894  6.64075
9.28976  4.67512
7.69331  7.00994
7.32413  5.04431
10.0281  8.60638
10.3973  10.572
8.0625  8.97557
8.43169  10.9412
11.6246  6.27156
11.2554  4.30593
13.5902  5.90237
13.221  3.93674
11.9938  8.23719
12.3629  10.2028
13.9594  7.868
14.3286  9.83363
-0.0541816  1.23646
0.315006  3.20209
1.91145  0.86727
2.28064  2.8329
-0.423369  -0.729172
-0.792557  -2.6948
1.54226  -1.09836
1.17307  -3.06399
-2.01981  1.60565
-1.65062  3.57128
-3.98544  1.97483
-3.61625  3.94046
-2.389  -0.359984
-2.75819  -2.32561
-4.35463  0.00920327
-4.72382  -1.95643
1.05338  7.13335
0.684194  5.16772
3.01901  6.76416
2.64982  4.79853
1.42257  9.09898
1.79176  11.0646
3.3882  8.72979
3.75739  10.6954
-0.912249  7.50253
-1.28144  5.53691
-2.87788  7.87172
-3.24707  5.90609
-0.543061  9.46816
-0.173873  11.4338
-2.50869  9.83735
-2.1395  11.803
5.84271  0.128895
6.2119  2.09452
3.87708  0.498083
4.24627  2.46371
5.47352  -1.83673
5.10433  -3.80236
3.50789  -1.46755
3.1387  -3.43318
7.80834  -0.240292
8.17753  1.72534
9.77397  -0.60948
10.1432  1.35615
7.43915  -2.20592
7.06996  -4.17155
9.40478  -2.57511
9.03559  -4.54074
6.95027  6.02578
6.58108  4.06015
4.98464  6.39497
4.61545  4.42934
7.31946  7.99141
7.68865  9.95704
5.35383  8.3606
5.72302  10.3262
8.9159  5.6566
8.54671  3.69097
10.8815  5.28741
10.5123  3.32178
9.28509  7.62223
9.65428  9.58786
11.2507  7.25304
11.6199  9.21867
0.992672  2.89828
1.36186  4.86391
2.9583  2.52909
3.32749  4.49472
0.623485  0.932647
0.254297  -1.03298
2.58911  0.56346
2.21993  -1.40217
-0.972957  3.26746
-0.60377  5.23309
-2.93859  3.63665
-2.5694  5.60228
-1.34215  1.30183
-1.71133  -0.663795
-3.30777  1.67102
-3.67696  -0.294607
2.10024  8.79517
1.73105  6.82954
4.06586  8.42598
3.69668  6.46035
2.46942  10.7608
2.83861  12.7264
4.43505  10.3916
4.80424  12.3572
0.134605  9.16435
-0.234582  7.19872
-1.83102  9.53354
-2.20021  7.56791
0.503793  11.13
0.87298  13.0956
-1.46184  11.4992
-1.09265  13.4648
6.88956  1.79071
7.25875  3.75634
4.92393  2.1599
5.29312  4.12553
6.52037  -0.174915
6.15119  -2.14055
4.55474  0.194272
4.18556  -1.77136
8.85519  1.42153
9.22438  3.38716
10.8208  1.05234
11.19  3.01797
8.486  -0.544103
8.11682  -2.50973
10.4516  -0.913291
10.0824  -2.87892
7.99712  7.6876
7.62794  5.72197
6.03149  8.05679
5.66231  6.09116
8.36631  9.65323
8.7355  11.6189
6.40068  10.0224
6.76987  11.9881
9.96275  7.31842
9.59357  5.35279
11.9284  6.94923
11.5592  4.9836
10.3319  9.28405
10.7011  11.2497
12.2976  8.91486
12.6668  10.8805
2.2226  -2.51907
2.59179  -0.553439
4.18823  -2.88826
4.55742  -0.922627
1.85342  -4.4847
1.48423  -6.45033
3.81905  -4.85389
3.44986  -6.81952
0.256973  -2.14988
0.626161  -0.184252
-1.70866  -1.78069
-1.33947  0.184936
-0.112214  -4.11551
-0.481402  -6.08114
-2.07784  -3.74632
-2.44703  -5.71195
3.33017  3.37782
2.96098  1.41219
5.2958  3.00863
4.92661  1.043
3.69935  5.34345
4.06854  7.30908
5.66498  4.97426
6.03417  6.93989
1.36454  3.74701
0.995348  1.78138
-0.601094  4.1162
-0.970281  2.15057
1.73372  5.71264
2.10291  7.67827
-0.231906  6.08183
0.137281  8.04745
8.11949  -3.62663
8.48868  -1.661
6.15386  -3.25744
6.52305  -1.29181
7.7503  -5.59226
7.38112  -7.55789
5.78468  -5.22307
5.41549  -7.1887
10.0851  -3.99582
10.4543  -2.03019
12.0508  -4.36501
12.4199  -2.39938
9.71593  -5.96145
9.34675  -7.92708
11.6816  -6.33064
11.3124  -8.29627
9.22706  2.27026
8.85787  0.304628
7.26143  2.63945
6.89224  0.673815
9.59624  4.23589
9.96543  6.20152
7.63061  4.60507
7.9998  6.5707
11.1927  1.90107
10.8235  -0.06456
13.1583  1.53188
12.7891  -0.433748
11.5619  3.8667
11.9311  5.83233
13.5275  3.49751
13.8967  5.46314
1.17575  -4.18089
1.54494  -2.21526
3.14138  -4.55008
3.51057  -2.58445
0.806561  -6.14652
0.437374  -8.11215
2.77219  -6.51571
2.403  -8.48134
-0.789881  -3.8117
-0.420693  -1.84607
-2.75551  -3.44251
-2.38632  -1.47688
-1.15907  -5.77733
-1.52826  -7.74296
-3.1247  -5.40814
-3.49389  -7.37377
2.28331  1.716
1.91412  -0.249629
4.24894  1.34681
3.87975  -0.618816
2.6525  3.68163
3.02169  5.64726
4.61813  3.31244
4.98732  5.27807
0.317682  2.08519
-0.0515056  0.119559
-1.64795  2.45438
-2.01714  0.488746
0.68687  4.05082
1.05606  6.01645
-1.27876  4.42001
-0.909573  6.38564
7.07264  -5.28845
7.44183  -3.32282
5.10701  -4.91926
5.4762  -2.95363
6.70345  -7.25408
6.33426  -9.21971
4.73782  -6.88489
4.36863  -8.85052
9.03827  -5.65764
9.40746  -3.69201
11.0039  -6.02683
11.3731  -4.0612
8.66908  -7.62327
8.29989  -9.5889
10.6347  -7.99246
10.2655  -9.95809
8.1802  0.608438
7.81101  -1.35719
6.21457  0.977626
5.84538  -0.988004
8.54939  2.57407
8.91858  4.5397
6.58376  2.94326
6.95295  4.90889
10.1458  0.239251
9.77664  -1.72638
12.1115  -0.129937
11.7423  -2.09557
10.515  2.20488
10.8842  4.17051
12.4806  1.83569
12.8498  3.80132
3.88442  -3.56592
4.25361  -1.60029
5.85005  -3.93511
6.21924  -1.96948
3.51523  -5.53155
3.14605  -7.49718
5.48086  -5.90074
5.11168  -7.86637
1.91879  -3.19674
2.28798  -1.23111
-0.0468373  -2.82755
0.32235  -0.861918
1.5496  -5.16237
1.18042  -7.128
-0.416025  -4.79318
-0.785212  -6.75881
4.99199  2.33097
4.6228  0.365336
6.95761  1.96178
6.58843  -0.00385115
5.36117  4.2966
5.73036  6.26223
7.3268  3.92741
7.69599  5.89304
3.02636  2.70015
2.65717  0.734524
1.06073  3.06934
0.691538  1.10371
3.39554  4.66578
3.76473  6.63141
1.42991  5.03497
1.7991  7.0006
9.78131  -4.67349
10.1505  -2.70786
7.81568  -4.3043
8.18487  -2.33867
9.41212  -6.63912
9.04294  -8.60475
7.44649  -6.26993
7.07731  -8.23556
11.7469  -5.04267
12.1161  -3.07704
13.7126  -5.41186
14.0818  -3.44623
11.3778  -7.0083
11.0086  -8.97393
13.3434  -7.37749
12.9742  -9.34312
10.8889  1.2234
10.5197  -0.742226
8.92324  1.59259
8.55406  -0.373039
11.2581  3.18903
11.6272  5.15466
9.29243  3.55822
9.66162  5.52385
12.8545  0.854216
12.4853  -1.11141
14.8201  0.485028
14.4509  -1.4806
13.2237  2.81985
13.5929  4.78548
15.1893  2.45066
15.5585  4.41629
2.83757  -5.22774
3.20676  -3.26211
4.8032  -5.59693
5.17239  -3.6313
2.46838  -7.19337
2.09919  -9.159
4.43401  -7.56256
4.06482  -9.52819
0.871939  -4.85855
1.24113  -2.89293
-1.09369  -4.48937
-0.724504  -2.52374
0.502751  -6.82418
0.133563  -8.78981
-1.46288  -6.455
-1.83207  -8.42063
3.94513  0.669147
3.57594  -1.29648
5.91076  0.299959
5.54157  -1.66567
4.31432  2.63478
4.68351  4.60041
6.27995  2.26559
6.64914  4.23122
1.9795  1.03833
1.61031  -0.927295
0.0138715  1.40752
-0.355316  -0.558108
2.34869  3.00396
2.71788  4.96959
0.383059  3.37315
0.752247  5.33878
8.73446  -6.33531
9.10365  -4.36968
6.76883  -5.96612
7.13802  -4.00049
8.36527  -8.30094
7.99608  -10.2666
6.39964  -7.93175
6.03045  -9.89738
10.7001  -6.70449
11.0693  -4.73886
12.6657  -7.07368
13.0349  -5.10805
10.3309  -8.67012
9.96171  -10.6358
12.2965  -9.03931
11.9273  -11.0049
9.84202  -0.438416
9.47283  -2.40405
7.87639  -0.0692282
7.5072  -2.03486
10.2112  1.52721
10.5804  3.49284
8.24558  1.8964
8.61477  3.86203
11.8077  -0.807603
11.4385  -2.77323
13.7733  -1.17679
13.4041  -3.14242
12.1768  1.15803
12.546  3.12366
14.1425  0.788839
14.5117  2.75447
3.26946  -0.85725
3.63864  1.10838
5.23509  -1.22644
5.60427  0.739192
2.90027  -2.82288
2.53108  -4.78851
4.8659  -3.19207
4.49671  -5.1577
1.30383  -0.488062
1.67301  1.47757
-0.661803  -0.118875
-0.292615  1.84676
0.93464  -2.45369
0.565452  -4.41932
-1.03099  -2.0845
-1.40018  -4.05013
4.37702  5.03964
4.00783  3.07401
6.34265  4.67045
5.97346  2.70482
4.74621  7.00527
5.11539  8.9709
6.71184  6.63608
7.08102  8.60171
2.41139  5.40883
2.0422  3.4432
0.44576  5.77801
0.0765725  3.81238
2.78058  7.37446
3.14977  9.34009
0.814948  7.74364
1.18414  9.70927
9.16635  -1.96481
9.53553  0.000817089
7.20072  -1.59563
7.5699  0.370005
8.79716  -3.93044
8.42797  -5.89607
6.83153  -3.56125
6.46234  -5.52688
11.132  -2.334
11.5012  -0.36837
13.0976  -2.70319
13.4668  -0.737558
10.7628  -4.29963
10.3936  -6.26526
12.7284  -4.66882
12.3592  -6.63445
10.2739  3.93208
9.90472  1.96645
8.30828  4.30126
7.93909  2.33563
10.6431  5.89771
11.0123  7.86334
8.67747  6.26689
9.04665  8.23252
12.2395  3.56289
11.8704  1.59726
14.2052  3.1937
13.836  1.22807
12.6087  5.52852
12.9779  7.49415
14.5744  5.15933
14.9435  7.12496
4.31631  0.804569
4.6855  2.7702
6.28194  0.435382
6.65113  2.40101
3.94712  -1.16106
3.57794  -3.12669
5.91275  -1.53025
5.54357  -3.49588
2.35068  1.17376
2.71987  3.13939
0.385051  1.54294
0.754239  3.50857
1.98149  -0.791873
1.61231  -2.7575
0.0158637  -0.422685
-0.353324  -2.38832
5.42387  6.70146
5.05469  4.73583
7.3895  6.33227
7.02032  4.36664
5.79306  8.66709
6.16225  10.6327
7.75869  8.2979
8.12788  10.2635
3.45824  7.07065
3.08906  5.10502
1.49261  7.43983
1.12343  5.4742
3.82743  9.03628
4.19662  11.0019
1.8618  9.40546
2.23099  11.3711
10.2132  -0.302993
10.5824  1.66264
8.24757  0.0661942
8.61676  2.03182
9.84401  -2.26862
9.47483  -4.23425
7.87838  -1.89944
7.5092  -3.86507
12.1788  -0.672181
12.548  1.29345
14.1445  -1.04137
14.5136  0.924261
11.8096  -2.63781
11.4405  -4.60344
13.7753  -3.007
13.4061  -4.97263
11.3208  5.5939
10.9516  3.62827
9.35513  5.96308
8.98595  3.99745
11.69  7.55953
12.0591  9.52516
9.72432  7.92871
10.0935  9.89434
13.2864  5.22471
12.9172  3.25908
15.252  4.85552
14.8828  2.88989
13.6556  7.19034
14.0248  9.15597
15.6212  6.82115
15.9904  8.78678
4.93128  -1.9041
5.30046  0.0615259
6.89691  -2.27329
7.26609  -0.307662
4.56209  -3.86973
4.1929  -5.83536
6.52772  -4.23892
6.15853  -6.20455
2.96565  -1.53492
3.33483  0.430714
1.00002  -1.16573
1.3692  0.799901
2.59646  -3.50055
2.22727  -5.46618
0.630829  -3.13136
0.261641  -5.09699
6.03884  3.99279
5.66965  2.02716
8.00447  3.6236
7.63528  1.65797
6.40803  5.95842
6.77721  7.92405
8.37366  5.58923
8.74284  7.55486
4.07321  4.36197
3.70402  2.39634
2.10758  4.73116
1.73839  2.76553
4.4424  6.3276
4.81158  8.29323
2.47677  6.69679
2.84595  8.66242
10.8282  -3.01167
11.1974  -1.04604
8.86254  -2.64248
9.23172  -0.676849
10.459  -4.9773
10.0898  -6.94293
8.49335  -4.60811
8.12416  -6.57374
12.7938  -3.38085
13.163  -1.41522
14.7594  -3.75004
15.1286  -1.78441
12.4246  -5.34648
12.0554  -7.31211
14.3902  -5.71567
14.0211  -7.6813
11.9357  2.88522
11.5665  0.919593
9.9701  3.25441
9.60091  1.28878
12.3049  4.85085
12.6741  6.81648
10.3393  5.22004
10.7085  7.18567
13.9014  2.51604
13.5322  0.550405
15.867  2.14685
15.4978  0.181218
14.2705  4.48166
14.6397  6.44729
16.2362  4.11248
16.6054  6.07811
5.97813  -0.242285
6.34732  1.72335
7.94376  -0.611472
8.31295  1.35416
5.60894  -2.20791
5.23975  -4.17354
7.57457  -2.5771
7.20538  -4.54273
4.0125  0.126903
4.38169  2.09253
2.04687  0.496091
2.41606  2.46172
3.64331  -1.83873
3.27413  -3.80436
1.67768  -1.46954
1.3085  -3.43517
7.08569  5.6546
6.71651  3.68897
9.05132  5.28542
8.68214  3.31979
7.45488  7.62023
7.82407  9.58586
9.42051  7.25105
9.7897  9.21668
5.12006  6.02379
4.75088  4.05816
3.15443  6.39298
2.78525  4.42735
5.48925  7.98942
5.85844  9.95505
3.52362  8.35861
3.89281  10.3242
11.875  -1.34985
12.2442  0.615782
9.90939  -0.98066
10.2786  0.98497
11.5058  -3.31548
11.1366  -5.28111
9.5402  -2.94629
9.17101  -4.91192
13.8406  -1.71903
14.2098  0.246595
15.8063  -2.08822
16.1755  -0.122593
13.4715  -3.68466
13.1023  -5.65029
15.4371  -4.05385
15.0679  -6.01948
12.9826  4.54704
12.6134  2.58141
11.017  4.91623
10.6478  2.9506
13.3518  6.51267
13.721  8.4783
11.3861  6.88186
11.7553  8.84749
14.9482  4.17785
14.579  2.21222
16.9138  3.80867
16.5447  1.84304
15.3174  6.14348
15.6866  8.10911
17.283  5.7743
17.6522  7.73993
-2.57978  -6.45767
-2.21059  -4.49204
-0.614148  -6.82686
-0.244961  -4.86123
-2.94897  -8.4233
-3.31815  -10.3889
-0.983336  -8.79249
-1.35252  -10.7581
-4.54541  -6.08849
-4.17622  -4.12286
-6.51104  -5.7193
-6.14185  -3.75367
-4.9146  -8.05412
-5.28378  -10.0197
-6.88023  -7.68493
-7.24941  -9.65056
-1.47222  -0.560784
-1.8414  -2.52641
0.493414  -0.929971
0.124227  -2.8956
-1.10303  1.40485
-0.73384  3.37048
0.862602  1.03566
1.23179  3.00129
-3.43785  -0.191596
-3.80703  -2.15723
-5.40347  0.177591
-5.77266  -1.78804
-3.06866  1.77403
-2.69947  3.73966
-5.03429  2.14322
-4.6651  4.10885
3.31711  -7.56524
3.6863  -5.59961
1.35148  -7.19605
1.72067  -5.23042
2.94792  -9.53087
2.57874  -11.4965
0.982294  -9.16168
0.613106  -11.1273
5.28274  -7.93442
5.65193  -5.96879
7.24837  -8.30361
7.61756  -6.33798
4.91355  -9.90005
4.54437  -11.8657
6.87918  -10.2692
6.51  -12.2349
4.42467  -1.66835
4.05549  -3.63398
2.45904  -1.29916
2.08986  -3.26479
4.79386  0.297283
5.16305  2.26291
2.82823  0.666471
3.19742  2.6321
6.3903  -2.03753
6.02112  -4.00316
8.35593  -2.40672
7.98675  -4.37235
6.75949  -0.0719043
7.12868  1.89373
8.72512  -0.441092
9.09431  1.52454
-1.53292  -4.79585
-1.16374  -2.83022
0.432706  -5.16504
0.801893  -3.19941
-1.90211  -6.76148
-2.2713  -8.72711
0.0635181  -7.13067
-0.305669  -9.0963
-3.49855  -4.42667
-3.12937  -2.46104
-5.46418  -4.05748
-5.095  -2.09185
-3.86774  -6.3923
-4.23693  -8.35793
-5.83337  -6.02311
-6.20256  -7.98874
-0.425361  1.10104
-0.794549  -0.864594
1.54027  0.731848
1.17108  -1.23378
-0.0561738  3.06667
0.313014  5.0323
1.90946  2.69748
2.27864  4.66311
-2.39099  1.47022
-2.76018  -0.495407
-4.35662  1.83941
-4.72581  -0.126219
-2.0218  3.43585
-1.65262  5.40148
-3.98743  3.80504
-3.61825  5.77067
4.36397  -5.90342
4.73315  -3.93779
2.39834  -5.53423
2.76752  -3.5686
3.99478  -7.86905
3.62559  -9.83468
2.02915  -7.49986
1.65996  -9.46549
6.3296  -6.2726
6.69878  -4.30697
8.29522  -6.64179
8.66441  -4.67616
5.96041  -8.23823
5.59122  -10.2039
7.92604  -8.60742
7.55685  -10.5731
5.47153  -0.00652721
5.10234  -1.97216
3.5059  0.36266
3.13671  -1.60297
5.84072  1.9591
6.2099  3.92473
3.87509  2.32829
4.24427  4.29392
7.43716  -0.375715
7.06797  -2.34134
9.40279  -0.744902
9.0336  -2.71053
7.80635  1.58992
8.17553  3.55554
9.77198  1.22073
10.1412  3.18636
-4.2416  -5.41082
-3.87241  -3.44519
-2.27597  -5.78001
-1.90678  -3.81438
-4.61078  -7.37645
-4.97997  -9.34208
-2.64516  -7.74564
-3.01434  -9.71127
-6.20723  -5.04163
-5.83804  -3.076
-8.17286  -4.67244
-7.80367  -2.70681
-6.57641  -7.00726
-6.9456  -8.97289
-8.54204  -6.63807
-8.91123  -8.6037
-3.13403  0.48607
-3.50322  -1.47956
-1.1684  0.116883
-1.53759  -1.84875
-2.76485  2.4517
-2.39566  4.41733
-0.799217  2.08251
-0.43003  4.04814
-5.09966  0.855258
-5.46885  -1.11037
-7.06529  1.22445
-7.43448  -0.741184
-4.73048  2.82089
-4.36129  4.78652
-6.69611  3.19008
-6.32692  5.1557
1.65529  -6.51838
2.02448  -4.55275
-0.310338  -6.14919
0.0588499  -4.18356
1.2861  -8.48401
0.916917  -10.4496
-0.679525  -8.11482
-1.04871  -10.0805
3.62092  -6.88757
3.99011  -4.92194
5.58655  -7.25676
5.95574  -5.29113
3.25173  -8.8532
2.88255  -10.8188
5.21736  -9.22239
4.84818  -11.188
2.76285  -0.621493
2.39367  -2.58712
0.797225  -0.252305
0.428037  -2.21793
3.13204  1.34414
3.50123  3.30977
1.16641  1.71332
1.5356  3.67895
4.72848  -0.99068
4.3593  -2.95631
6.69411  -1.35987
6.32493  -3.3255
5.09767  0.97495
5.46686  2.94058
7.0633  0.605762
7.43249  2.57139
-3.19474  -3.749
-2.82556  -1.78337
-1.22911  -4.11819
-0.859926  -2.15256
-3.56393  -5.71463
-3.93312  -7.68026
-1.5983  -6.08382
-1.96749  -8.04945
-5.16037  -3.37981
-4.79119  -1.41418
-7.126  -3.01062
-6.75682  -1.04499
-5.52956  -5.34544
-5.89875  -7.31107
-7.49519  -4.97625
-7.86438  -6.94188
-2.08718  2.14789
-2.45637  0.18226
-0.121551  1.7787
-0.490738  -0.186928
-1.71799  4.11352
-1.34881  6.07915
0.247637  3.74433
0.616824  5.70996
-4.05281  2.51708
-4.422  0.551447
-6.01844  2.88626
-6.38763  0.920635
-3.68362  4.48271
-3.31444  6.44834
-5.64925  4.85189
-5.28007  6.81752
2.70215  -4.85656
3.07133  -2.89093
0.736516  -4.48738
1.1057  -2.52175
2.33296  -6.82219
1.96377  -8.78782
0.367329  -6.453
-0.00185898  -8.41863
4.66778  -5.22575
5.03696  -3.26012
6.63341  -5.59494
7.00259  -3.62931
4.29859  -7.19138
3.9294  -9.15701
6.26422  -7.56057
5.89503  -9.5262
3.80971  1.04033
3.44052  -0.925303
1.84408  1.40951
1.47489  -0.556115
4.1789  3.00596
4.54808  4.97159
2.21327  3.37514
2.58245  5.34077
5.77534  0.671139
5.40615  -1.29449
7.74097  0.301952
7.37178  -1.66368
6.14453  2.63677
6.51371  4.6024
8.11016  2.26758
8.47934  4.23321
-3.62663  -8.11949
-3.25744  -6.15386
-1.661  -8.48868
-1.29181  -6.52305
-3.99582  -10.0851
-4.36501  -12.0508
-2.03019  -10.4543
-2.39938  -12.4199
-5.59226  -7.7503
-5.22307  -5.78468
-7.55789  -7.38112
-7.1887  -5.41549
-5.96145  -9.71593
-6.33064  -11.6816
-7.92708  -9.34675
-8.29627  -11.3124
-2.51907  -2.2226
-2.88826  -4.18823
-0.553439  -2.59179
-0.922627  -4.55742
-2.14988  -0.256973
-1.78069  1.70866
-0.184252  -0.626161
0.184936  1.33947
-4.4847  -1.85342
-4.85389  -3.81905
-6.45033  -1.48423
-6.81952  -3.44986
-4.11551  0.112214
-3.74632  2.07784
-6.08114  0.481402
-5.71195  2.44703
2.27026  -9.22706
2.63945  -7.26143
0.304628  -8.85787
0.673815  -6.89224
1.90107  -11.1927
1.53188  -13.1583
-0.06456  -10.8235
-0.433748  -12.7891
4.23589  -9.59624
4.60507  -7.63061
6.20152  -9.96543
6.5707  -7.9998
3.8667  -11.5619
3.49751  -13.5275
5.83233  -11.9311
5.46314  -13.8967
3.37782  -3.33017
3.00863  -5.2958
1.41219  -2.96098
1.043  -4.92661
3.74701  -1.36454
4.1162  0.601094
1.78138  -0.995348
2.15057  0.970281
5.34345  -3.69935
4.97426  -5.66498
7.30908  -4.06854
6.93989  -6.03417
5.71264  -1.73372
6.08183  0.231906
7.67827  -2.10291
8.04745  -0.137281
-4.67349  -9.78131
-4.3043  -7.81568
-2.70786  -10.1505
-2.33867  -8.18487
-5.04267  -11.7469
-5.41186  -13.7126
-3.07704  -12.1161
-3.44623  -14.0818
-6.63912  -9.41212
-6.26993  -7.44649
-8.60475  -9.04294
-8.23556  -7.07731
-7.0083  -11.3778
-7.37749  -13.3434
-8.97393  -11.0086
-9.34312  -12.9742
-3.56592  -3.88442
-3.93511  -5.85005
-1.60029  -4.25361
-1.96948  -6.21924
-3.19674  -1.91879
-2.82755  0.0468373
-1.23111  -2.28798
-0.861918  -0.32235
-5.53155  -3.51523
-5.90074  -5.48086
-7.49718  -3.14605
-7.86637  -5.11168
-5.16237  -1.5496
-4.79318  0.416025
-7.128  -1.18042
-6.75881  0.785212
1.2234  -10.8889
1.59259  -8.92324
-0.742226  -10.5197
-0.373039  -8.55406
0.854216  -12.8545
0.485028  -14.8201
-1.11141  -12.4853
-1.4806  -14.4509
3.18903  -11.2581
3.55822  -9.29243
5.15466  -11.6272
5.52385  -9.66162
2.81985  -13.2237
2.45066  -15.1893
4.78548  -13.5929
4.41629  -15.5585
2.33097  -4.99199
1.96178  -6.95761
0.365336  -4.6228
-0.00385115  -6.58843
2.70015  -3.02636
3.06934  -1.06073
0.734524  -2.65717
1.10371  -0.691538
4.2966  -5.36117
3.92741  -7.3268
6.26223  -5.73036
5.89304  -7.69599
4.66578  -3.39554
5.03497  -1.42991
6.63141  -3.76473
7.0006  -1.7991
-5.28845  -7.07264
-4.91926  -5.10701
-3.32282  -7.44183
-2.95363  -5.4762
-5.65764  -9.03827
-6.02683  -11.0039
-3.69201  -9.40746
-4.0612  -11.3731
-7.25408  -6.70345
-6.88489  -4.73782
-9.21971  -6.33426
-8.85052  -4.36863
-7.62327  -8.66908
-7.99246  -10.6347
-9.5889  -8.29989
-9.95809  -10.2655
-4.18089  -1.17575
-4.55008  -3.14138
-2.21526  -1.54494
-2.58445  -3.51057
-3.8117  0.789881
-3.44251  2.75551
-1.84607  0.420693
-1.47688  2.38632
-6.14652  -0.806561
-6.51571  -2.77219
-8.11215  -0.437374
-8.48134  -2.403
-5.77733  1.15907
-5.40814  3.1247
-7.74296  1.52826
-7.37377  3.49389
0.608438  -8.1802
0.977626  -6.21457
-1.35719  -7.81101
-0.988004  -5.84538
0.239251  -10.1458
-0.129937  -12.1115
-1.72638  -9.77664
-2.09557  -11.7423
2.57407  -8.54939
2.94326  -6.58376
4.5397  -8.91858
4.90889  -6.95295
2.20488  -10.515
1.83569  -12.4806
4.17051  -10.8842
3.80132  -12.8498
1.716  -2.28331
1.34681  -4.24894
-0.249629  -1.91412
-0.618816  -3.87975
2.08519  -0.317682
2.45438  1.64795
0.119559  0.0515056
0.488746  2.01714
3.68163  -2.6525
3.31244  -4.61813
5.64726  -3.02169
5.27807  -4.98732
4.05082  -0.68687
4.42001  1.27876
6.01645  -1.05606
6.38564  0.909573
-6.33531  -8.73446
-5.96612  -6.76883
-4.36968  -9.10365
-4.00049  -7.13802
-6.70449  -10.7001
-7.07368  -12.6657
-4.73886  -11.0693
-5.10805  -13.0349
-8.30094  -8.36527
-7.93175  -6.39964
-10.2666  -7.99608
-9.89738  -6.03045
-8.67012  -10.3309
-9.03931  -12.2965
-10.6358  -9.96171
-11.0049  -11.9273
-5.22774  -2.83757
-5.59693  -4.8032
-3.26211  -3.20676
-3.6313  -5.17239
-4.85855  -0.871939
-4.48937  1.09369
-2.89293  -1.24113
-2.52374  0.724504
-7.19337  -2.46838
-7.56256  -4.43401
-9.159  -2.09919
-9.52819  -4.06482
-6.82418  -0.502751
-6.455  1.46288
-8.78981  -0.133563
-8.42063  1.83207
-0.438416  -9.84202
-0.0692282  -7.87639
-2.40405  -9.47283
-2.03486  -7.5072
-0.807603  -11.8077
-1.17679  -13.7733
-2.77323  -11.4385
-3.14242  -13.4041
1.52721  -10.2112
1.8964  -8.24558
3.49284  -10.5804
3.86203  -8.61477
1.15803  -12.1768
0.788839  -14.1425
3.12366  -12.546
2.75447  -14.5117
0.669147  -3.94513
0.299959  -5.91076
-1.29648  -3.57594
-1.66567  -5.54157
1.03833  -1.9795
1.40752  -0.0138715
-0.927295  -1.61031
-0.558108  0.355316
2.63478  -4.31432
2.26559  -6.27995
4.60041  -4.68351
4.23122  -6.64914
3.00396  -2.34869
3.37315  -0.383059
4.96959  -2.71788
5.33878  -0.752247
-0.917959  -7.50453
-0.548771  -5.5389
1.04767  -7.87371
1.41686  -5.90808
-1.28715  -9.47016
-1.65633  -11.4358
0.678483  -9.83934
0.309296  -11.805
-2.88359  -7.13534
-2.5144  -5.16971
-4.84922  -6.76615
-4.48003  -4.80052
-3.25278  -9.10097
-3.62196  -11.0666
-5.21841  -8.73178
-5.58759  -10.6974
0.189604  -1.60764
-0.179584  -3.57327
2.15523  -1.97683
1.78605  -3.94246
0.558792  0.357992
0.927979  2.32362
2.52442  -0.0111954
2.89361  1.95443
-1.77603  -1.23845
-2.14521  -3.20408
-3.74166  -0.869262
-4.11084  -2.83489
-1.40684  0.72718
-1.03765  2.69281
-3.37247  1.09637
-3.00328  3.062
4.97893  -8.61209
5.34812  -6.64646
3.0133  -8.2429
3.38249  -6.27727
4.60974  -10.5777
4.24056  -12.5433
2.64411  -10.2085
2.27493  -12.1742
6.94456  -8.98128
7.31375  -7.01565
8.91019  -9.35047
9.27938  -7.38484
6.57537  -10.9469
6.20619  -12.9125
8.541  -11.3161
8.17182  -13.2817
6.08649  -2.7152
5.71731  -4.68083
4.12086  -2.34601
3.75168  -4.31164
6.45568  -0.749571
6.82487  1.21606
4.49005  -0.380383
4.85924  1.58525
8.05212  -3.08439
7.68294  -5.05002
10.0178  -3.45358
9.64857  -5.41921
8.42131  -1.11876
8.7905  0.846872
10.3869  -1.48795
10.7561  0.477684
0.128895  -5.84271
0.498083  -3.87708
2.09452  -6.2119
2.46371  -4.24627
-0.240292  -7.80834
-0.60948  -9.77397
1.72534  -8.17753
1.35615  -10.1432
-1.83673  -5.47352
-1.46755  -3.50789
-3.80236  -5.10433
-3.43318  -3.1387
-2.20592  -7.43915
-2.57511  -9.40478
-4.17155  -7.06996
-4.54074  -9.03559
1.23646  0.0541816
0.86727  -1.91145
3.20209  -0.315006
2.8329  -2.28064
1.60565  2.01981
1.97483  3.98544
3.57128  1.65062
3.94046  3.61625
-0.729172  0.423369
-1.09836  -1.54226
-2.6948  0.792557
-3.06399  -1.17307
-0.359984  2.389
0.00920327  4.35463
-2.32561  2.75819
-1.95643  4.72382
6.02578  -6.95027
6.39497  -4.98464
4.06015  -6.58108
4.42934  -4.61545
5.6566  -8.9159
5.28741  -10.8815
3.69097  -8.54671
3.32178  -10.5123
7.99141  -7.31946
8.3606  -5.35383
9.95704  -7.68865
10.3262  -5.72302
7.62223  -9.28509
7.25304  -11.2507
9.58786  -9.65428
9.21867  -11.6199
7.13335  -1.05338
6.76416  -3.01901
5.16772  -0.684194
4.79853  -2.64982
7.50253  0.912249
7.87172  2.87788
5.53691  1.28144
5.90609  3.24707
9.09898  -1.42257
8.72979  -3.3882
11.0646  -1.79176
10.6954  -3.75739
9.46816  0.543061
9.83735  2.50869
11.4338  0.173873
11.803  2.1395
0.74386  -8.55138
1.11305  -6.58575
2.70949  -8.92057
3.07868  -6.95494
0.374673  -10.517
0.00548532  -12.4826
2.3403  -10.8862
1.97112  -12.8518
-1.22177  -8.18219
-0.852582  -6.21656
-3.1874  -7.81301
-2.81821  -5.84738
-1.59096  -10.1478
-1.96014  -12.1135
-3.55659  -9.77864
-3.92577  -11.7443
1.85142  -2.65449
1.48224  -4.62012
3.81705  -3.02368
3.44787  -4.98931
2.22061  -0.688862
2.5898  1.27677
4.18624  -1.05805
4.55543  0.90758
-0.114207  -2.2853
-0.483394  -4.25093
-2.07984  -1.91612
-2.44902  -3.88175
0.254981  -0.319674
0.624169  1.64596
-1.71065  0.0495134
-1.34146  2.01514
6.64075  -9.65894
7.00994  -7.69331
4.67512  -9.28976
5.04431  -7.32413
6.27156  -11.6246
5.90237  -13.5902
4.30593  -11.2554
3.93674  -13.221
8.60638  -10.0281
8.97557  -8.0625
10.572  -10.3973
10.9412  -8.43169
8.23719  -11.9938
7.868  -13.9594
10.2028  -12.3629
9.83363  -14.3286
7.74831  -3.76205
7.37913  -5.72768
5.78268  -3.39287
5.4135  -5.3585
8.1175  -1.79642
8.48669  0.169205
6.15187  -1.42724
6.52106  0.538393
9.71394  -4.13124
9.34475  -6.09687
11.6796  -4.50043
11.3104  -6.46606
10.0831  -2.16561
10.4523  -0.199982
12.0488  -2.5348
12.4179  -0.56917
1.79071  -6.88956
2.1599  -4.92393
3.75634  -7.25875
4.12553  -5.29312
1.42153  -8.85519
1.05234  -10.8208
3.38716  -9.22438
3.01797  -11.19
-0.174915  -6.52037
0.194272  -4.55474
-2.14055  -6.15119
-1.77136  -4.18556
-0.544103  -8.486
-0.913291  -10.4516
-2.50973  -8.11682
-2.87892  -10.0824
2.89828  -0.992672
2.52909  -2.9583
4.86391  -1.36186
4.49472  -3.32749
3.26746  0.972957
3.63665  2.93859
5.23309  0.60377
5.60228  2.5694
0.932647  -0.623485
0.56346  -2.58911
-1.03298  -0.254297
-1.40217  -2.21993
1.30183  1.34215
1.67102  3.30777
-0.663795  1.71133
-0.294607  3.67696
7.6876  -7.99712
8.05679  -6.03149
5.72197  -7.62794
6.09116  -5.66231
7.31842  -9.96275
6.94923  -11.9284
5.35279  -9.59357
4.9836  -11.5592
9.65323  -8.36631
10.0224  -6.40068
11.6189  -8.7355
11.9881  -6.76987
9.28405  -10.3319
8.91486  -12.2976
11.2497  -10.7011
10.8805  -12.6668
8.79517  -2.10024
8.42598  -4.06586
6.82954  -1.73105
6.46035  -3.69668
9.16435  -0.134605
9.53354  1.83102
7.19872  0.234582
7.56791  2.20021
10.7608  -2.46942
10.3916  -4.43505
12.7264  -2.83861
12.3572  -4.80424
11.13  -0.503793
11.4992  1.46184
13.0956  -0.87298
13.4648  1.09265
-1.96481  -9.16635
-1.59563  -7.20072
0.000817089  -9.53553
0.370005  -7.5699
-2.334  -11.132
-2.70319  -13.0976
-0.36837  -11.5012
-0.737558  -13.4668
-3.93044  -8.79716
-3.56125  -6.83153
-5.89607  -8.42797
-5.52688  -6.46234
-4.29963  -10.7628
-4.66882  -12.7284
-6.26526  -10.3936
-6.63445  -12.3592
-0.85725  -3.26946
-1.22644  -5.23509
1.10838  -3.63864
0.739192  -5.60427
-0.488062  -1.30383
-0.118875  0.661803
1.47757  -1.67301
1.84676  0.292615
-2.82288  -2.90027
-3.19207  -4.8659
-4.78851  -2.53108
-5.1577  -4.49671
-2.45369  -0.93464
-2.0845  1.03099
-4.41932  -0.565452
-4.05013  1.40018
3.93208  -10.2739
4.30126  -8.30828
1.96645  -9.90472
2.33563  -7.93909
3.56289  -12.2395
3.1937  -14.2052
1.59726  -11.8704
1.22807  -13.836
5.89771  -10.6431
6.26689  -8.67747
7.86334  -11.0123
8.23252  -9.04665
5.52852  -12.6087
5.15933  -14.5744
7.49415  -12.9779
7.12496  -14.9435
5.03964  -4.37702
4.67045  -6.34265
3.07401  -4.00783
2.70482  -5.97346
5.40883  -2.41139
5.77801  -0.44576
3.4432  -2.0422
3.81238  -0.0765725
7.00527  -4.74621
6.63608  -6.71184
8.9709  -5.11539
8.60171  -7.08102
7.37446  -2.78058
7.74364  -0.814948
9.34009  -3.14977
9.70927  -1.18414
-3.01167  -10.8282
-2.64248  -8.86254
-1.04604  -11.1974
-0.676849  -9.23172
-3.38085  -12.7938
-3.75004  -14.7594
-1.41522  -13.163
-1.78441  -15.1286
-4.9773  -10.459
-4.60811  -8.49335
-6.94293  -10.0898
-6.57374  -8.12416
-5.34648  -12.4246
-5.71567  -14.3902
-7.31211  -12.0554
-7.6813  -14.0211
-1.9041  -4.93128
-2.27329  -6.89691
0.0615259  -5.30046
-0.307662  -7.26609
-1.53492  -2.96565
-1.16573  -1.00002
0.430714  -3.33483
0.799901  -1.3692
-3.86973  -4.56209
-4.23892  -6.52772
-5.83536  -4.1929
-6.20455  -6.15853
-3.50055  -2.59646
-3.13136  -0.630829
-5.46618  -2.22727
-5.09699  -0.261641
2.88522  -11.9357
3.25441  -9.9701
0.919593  -11.5665
1.28878  -9.60091
2.51604  -13.9014
2.14685  -15.867
0.550405  -13.5322
0.181218  -15.4978
4.85085  -12.3049
5.22004  -10.3393
6.81648  -12.6741
7.18567  -10.7085
4.48166  -14.2705
4.11248  -16.2362
6.44729  -14.6397
6.07811  -16.6054
3.99279  -6.03884
3.6236  -8.00447
2.02716  -5.66965
1.65797  -7.63528
4.36197  -4.07321
4.73116  -2.10758
2.39634  -3.70402
2.76553  -1.73839
5.95842  -6.40803
5.58923  -8.37366
7.92405  -6.77721
7.55486  -8.74284
6.3276  -4.4424
6.69679  -2.47677
8.29323  -4.81158
8.66242  -2.84595
-0.302993  -10.2132
0.0661942  -8.24757
1.66264  -10.5824
2.03182  -8.61676
-0.672181  -12.1788
-1.04137  -14.1445
1.29345  -12.548
0.924261  -14.5136
-2.26862  -9.84401
-1.89944  -7.87838
-4.23425  -9.47483
-3.86507  -7.5092
-2.63781  -11.8096
-3.007  -13.7753
-4.60344  -11.4405
-4.97263  -13.4061
0.804569  -4.31631
0.435382  -6.28194
2.7702  -4.6855
2.40101  -6.65113
1.17376  -2.35068
1.54294  -0.385051
3.13939  -2.71987
3.50857  -0.754239
-1.16106  -3.94712
-1.53025  -5.91275
-3.12669  -3.57794
-3.49588  -5.54357
-0.791873  -1.98149
-0.422685  -0.0158637
-2.7575  -1.61231
-2.38832  0.353324
5.5939  -11.3208
5.96308  -9.35513
3.62827  -10.9516
3.99745  -8.98595
5.22471  -13.2864
4.85552  -15.252
3.25908  -12.9172
2.88989  -14.8828
7.55953  -11.69
7.92871  -9.72432
9.52516  -12.0591
9.89434  -10.0935
7.19034  -13.6556
6.82115  -15.6212
9.15597  -14.0248
8.78678  -15.9904
6.70146  -5.42387
6.33227  -7.3895
4.73583  -5.05469
4.36664  -7.02032
7.07065  -3.45824
7.43983  -1.49261
5.10502  -3.08906
5.4742  -1.12343
8.66709  -5.79306
8.2979  -7.75869
10.6327  -6.16225
10.2635  -8.12788
9.03628  -3.82743
9.40546  -1.8618
11.0019  -4.19662
11.3711  -2.23099
-1.34985  -11.875
-0.98066  -9.90939
0.615782  -12.2442
0.98497  -10.2786
-1.71903  -13.8406
-2.08822  -15.8063
0.246595  -14.2098
-0.122593  -16.1755
-3.31548  -11.5058
-2.94629  -9.5402
-5.28111  -11.1366
-4.91192  -9.17101
-3.68466  -13.4715
-4.05385  -15.4371
-5.65029  -13.1023
-6.01948  -15.0679
-0.242285  -5.97813
-0.611472  -7.94376
1.72335  -6.34732
1.35416  -8.31295
0.126903  -4.0125
0.496091  -2.04687
2.09253  -4.38169
2.46172  -2.41606
-2.20791  -5.60894
-2.5771  -7.57457
-4.17354  -5.23975
-4.54273  -7.20538
-1.83873  -3.64331
-1.46954  -1.67768
-3.80436  -3.27413
-3.43517  -1.3085
4.54704  -12.9826
4.91623  -11.017
2.58141  -12.6134
2.9506  -10.6478
4.17785  -14.9482
3.80867  -16.9138
2.21222  -14.579
1.84304  -16.5447
6.51267  -13.3518
6.88186  -11.3861
8.4783  -13.721
8.84749  -11.7553
6.14348  -15.3174
5.7743  -17.283
8.10911  -15.6866
7.73993  -17.6522
5.6546  -7.08569
5.28542  -9.05132
3.68897  -6.71651
3.31979  -8.68214
6.02379  -5.12006
6.39298  -3.15443
4.05816  -4.75088
4.42735  -2.78525
7.62023  -7.45488
7.25105  -9.42051
9.58586  -7.82407
9.21668  -9.7897
7.98942  -5.48925
8.35861  -3.52362
9.95505  -5.85844
10.3242  -3.89281
-4.42467  1.66835
-4.05549  3.63398
-2.45904  1.29916
-2.08986  3.26479
-4.79386  -0.297283
-5.16305  -2.26291
-2.82823  -0.666471
-3.19742  -2.6321
-6.3903  2.03753
-6.02112  4.00316
-8.35593  2.40672
-7.98675  4.37235
-6.75949  0.0719043
-7.12868  -1.89373
-8.72512  0.441092
-9.09431  -1.52454
-3.31711  7.56524
-3.6863  5.59961
-1.35148  7.19605
-1.72067  5.23042
-2.94792  9.53087
-2.57874  11.4965
-0.982294  9.16168
-0.613106  11.1273
-5.28274  7.93442
-5.65193  5.96879
-7.24837  8.30361
-7.61756  6.33798
-4.91355  9.90005
-4.54437  11.8657
-6.87918  10.2692
-6.51  12.2349
1.47222  0.560784
1.8414  2.52641
-0.493414  0.929971
-0.124227  2.8956
1.10303  -1.40485
0.73384  -3.37048
-0.862602  -1.03566
-1.23179  -3.00129
3.43785  0.191596
3.80703  2.15723
5.40347  -0.177591
5.77266  1.78804
3.06866  -1.77403
2.69947  -3.73966
5.03429  -2.14322
4.6651  -4.10885
2.57978  6.45767
2.21059  4.49204
0.614148  6.82686
0.244961  4.86123
2.94897  8.4233
3.31815  10.3889
0.983336  8.79249
1.35252  10.7581
4.54541  6.08849
4.17622  4.12286
6.51104  5.7193
6.14185  3.75367
4.9146  8.05412
5.28378  10.0197
6.88023  7.68493
7.24941  9.65056
-5.47153  0.00652721
-5.10234  1.97216
-3.5059  -0.36266
-3.13671  1.60297
-5.84072  -1.9591
-6.2099  -3.92473
-3.87509  -2.32829
-4.24427  -4.29392
-7.43716  0.375715
-7.06797  2.34134
-9.40279  0.744902
-9.0336  2.71053
-7.80635  -1.58992
-8.17553  -3.55554
-9.77198  -1.22073
-10.1412  -3.18636
-4.36397  5.90342
-4.73315  3.93779
-2.39834  5.53423
-2.76752  3.5686
-3.99478  7.86905
-3.62559  9.83468
-2.02915  7.49986
-1.65996  9.46549
-6.3296  6.2726
-6.69878  4.30697
-8.29522  6.64179
-8.66441  4.67616
-5.96041  8.23823
-5.59122  10.2039
-7.92604  8.60742
-7.55685  10.5731
0.425361  -1.10104
0.794549  0.864594
-1.54027  -0.731848
-1.17108  1.23378
0.0561738  -3.06667
-0.313014  -5.0323
-1.90946  -2.69748
-2.27864  -4.66311
2.39099  -1.47022
2.76018  0.495407
4.35662  -1.83941
4.72581  0.126219
2.0218  -3.43585
1.65262  -5.40148
3.98743  -3.80504
3.61825  -5.77067
1.53292  4.79585
1.16374  2.83022
-0.432706  5.16504
-0.801893  3.19941
1.90211  6.76148
2.2713  8.72711
-0.0635181  7.13067
0.305669  9.0963
3.49855  4.42667
3.12937  2.46104
5.46418  4.05748
5.095  2.09185
3.86774  6.3923
4.23693  8.35793
5.83337  6.02311
6.20256  7.98874
-2.76285  0.621493
-2.39367  2.58712
-0.797225  0.252305
-0.428037  2.21793
-3.13204  -1.34414
-3.50123  -3.30977
-1.16641  -1.71332
-1.5356  -3.67895
-4.72848  0.99068
-4.3593  2.95631
-6.69411  1.35987
-6.32493  3.3255
-5.09767  -0.97495
-5.46686  -2.94058
-7.0633  -0.605762
-7.43249  -2.57139
-1.65529  6.51838
-2.02448  4.55275
0.310338  6.14919
-0.0588499  4.18356
-1.2861  8.48401
-0.916917  10.4496
0.679525  8.11482
1.04871  10.0805
-3.62092  6.88757
-3.99011  4.92194
-5.58655  7.25676
-5.95574  5.29113
-3.25173  8.8532
-2.88255  10.8188
-5.21736  9.22239
-4.84818  11.188
3.13403  -0.48607
3.50322  1.47956
1.1684  -0.116883
1.53759  1.84875
2.76485  -2.4517
2.39566  -4.41733
0.799217  -2.08251
0.43003  -4.04814
5.09966  -0.855258
5.46885  1.11037
7.06529  -1.22445
7.43448  0.741184
4.73048  -2.82089
4.36129  -4.78652
6.69611  -3.19008
6.32692  -5.1557
4.2416  5.41082
3.87241  3.44519
2.27597  5.78001
1.90678  3.81438
4.61078  7.37645
4.97997  9.34208
2.64516  7.74564
3.01434  9.71127
6.20723  5.04163
5.83804  3.076
8.17286  4.67244
7.80367  2.70681
6.57641  7.00726
6.9456  8.97289
8.54204  6.63807
8.91123  8.6037
-3.80971  -1.04033
-3.44052  0.925303
-1.84408  -1.40951
-1.47489  0.556115
-4.1789  -3.00596
-4.54808  -4.97159
-2.21327  -3.37514
-2.58245  -5.34077
-5.77534  -0.671139
-5.40615  1.29449
-7.74097  -0.301952
-7.37178  1.66368
-6.14453  -2.63677
-6.51371  -4.6024
-8.11016  -2.26758
-8.47934  -4.23321
-2.70215  4.85656
-3.07133  2.89093
-0.736516  4.48738
-1.1057  2.52175
-2.33296  6.82219
-1.96377  8.78782
-0.367329  6.453
0.00185898  8.41863
-4.66778  5.22575
-5.03696  3.26012
-6.63341  5.59494
-7.00259  3.62931
-4.29859  7.19138
-3.9294  9.15701
-6.26422  7.56057
-5.89503  9.5262
2.08718  -2.14789
2.45637  -0.18226
0.121551  -1.7787
0.490738  0.186928
1.71799  -4.11352
1.34881  -6.07915
-0.247637  -3.74433
-0.616824  -5.70996
4.05281  -2.51708
4.422  -0.551447
6.01844  -2.88626
6.38763  -0.920635
3.68362  -4.48271
3.31444  -6.44834
5.64925  -4.85189
5.28007  -6.81752
3.19474  3.749
2.82556  1.78337
1.22911  4.11819
0.859926  2.15256
3.56393  5.71463
3.93312  7.68026
1.5983  6.08382
1.96749  8.04945
5.16037  3.37981
4.79119  1.41418
7.126  3.01062
6.75682  1.04499
5.52956  5.34544
5.89875  7.31107
7.49519  4.97625
7.86438  6.94188
-3.37782  3.33017
-3.00863  5.2958
-1.41219  2.96098
-1.043  4.92661
-3.74701  1.36454
-4.1162  -0.601094
-1.78138  0.995348
-2.15057  -0.970281
-5.34345  3.69935
-4.97426  5.66498
-7.30908  4.06854
-6.93989  6.03417
-5.71264  1.73372
-6.08183  -0.231906
-7.67827  2.10291
-8.04745  0.137281
-2.27026  9.22706
-2.63945  7.26143
-0.304628  8.85787
-0.673815  6.89224
-1.90107  11.1927
-1.53188  13.1583
0.06456  10.8235
0.433748  12.7891
-4.23589  9.59624
-4.60507  7.63061
-6.20152  9.96543
-6.5707  7.9998
-3.8667  11.5619
-3.49751  13.5275
-5.83233  11.9311
-5.46314  13.8967
2.51907  2.2226
2.88826  4.18823
0.553439  2.59179
0.922627  4.55742
2.14988  0.256973
1.78069  -1.70866
0.184252  0.626161
-0.184936  -1.33947
4.4847  1.85342
4.85389  3.81905
6.45033  1.48423
6.81952  3.44986
4.11551  -0.112214
3.74632  -2.07784
6.08114  -0.481402
5.71195  -2.44703
3.62663  8.11949
3.25744  6.15386
1.661  8.48868
1.29181  6.52305
3.99582  10.0851
4.36501  12.0508
2.03019  10.4543
2.39938  12.4199
5.59226  7.7503
5.22307  5.78468
7.55789  7.38112
7.1887  5.41549
5.96145  9.71593
6.33064  11.6816
7.92708  9.34675
8.29627  11.3124
-2.33097  4.99199
-1.96178  6.95761
-0.365336  4.6228
0.00385115  6.58843
-2.70015  3.02636
-3.06934  1.06073
-0.734524  2.65717
-1.10371  0.691538
-4.2966  5.36117
-3.92741  7.3268
-6.26223  5.73036
-5.89304  7.69599
-4.66578  3.39554
-5.03497  1.42991
-6.63141  3.76473
-7.0006  1.7991
-1.2234  10.8889
-1.59259  8.92324
0.742226  10.5197
0.373039  8.55406
-0.854216  12.8545
-0.485028  14.8201
1.11141  12.4853
1.4806  14.4509
-3.18903  11.2581
-3.55822  9.29243
-5.15466  11.6272
-5.52385  9.66162
-2.81985  13.2237
-2.45066  15.1893
-4.78548  13.5929
-4.41629  15.5585
3.56592  3.88442
3.93511  5.85005
1.60029  4.25361
1.96948  6.21924
3.19674  1.91879
2.82755  -0.0468373
1.23111  2.28798
0.861918  0.32235
5.53155  3.51523
5.90074  5.48086
7.49718  3.14605
7.86637  5.11168
5.16237  1.5496
4.79318  -0.416025
7.128  1.18042
6.75881  -0.785212
4.67349  9.78131
4.3043  7.81568
2.70786  10.1505
2.33867  8.18487
5.04267  11.7469
5.41186  13.7126
3.07704  12.1161
3.44623  14.0818
6.63912  9.41212
6.26993  7.44649
8.60475  9.04294
8.23556  7.07731
7.0083  11.3778
7.37749  13.3434
8.97393  11.0086
9.34312  12.9742
-1.716  2.28331
-1.34681  4.24894
0.249629  1.91412
0.618816  3.87975
-2.08519  0.317682
-2.45438  -1.64795
-0.119559  -0.0515056
-0.488746  -2.01714
-3.68163  2.6525
-3.31244  4.61813
-5.64726  3.02169
-5.27807  4.98732
-4.05082  0.68687
-4.42001  -1.27876
-6.01645  1.05606
-6.38564  -0.909573
-0.608438  8.1802
-0.977626  6.21457
1.35719  7.81101
0.988004  5.84538
-0.239251  10.1458
0.129937  12.1115
1.72638  9.77664
2.09557  11.7423
-2.57407  8.54939
-2.94326  6.58376
-4.5397  8.91858
-4.90889  6.95295
-2.20488  10.515
-1.83569  12.4806
-4.17051  10.8842
-3.80132  12.8498
4.18089  1.17575
4.55008  3.14138
2.21526  1.54494
2.58445  3.51057
3.8117  -0.789881
3.44251  -2.75551
1.84607  -0.420693
1.47688  -2.38632
6.14652  0.806561
6.51571  2.77219
8.11215  0.437374
8.48134  2.403
5.77733  -1.15907
5.40814  -3.1247
7.74296  -1.52826
7.37377  -3.49389
5.28845  7.07264
4.91926  5.10701
3.32282  7.44183
2.95363  5.4762
5.65764  9.03827
6.02683  11.0039
3.69201  9.40746
4.0612  11.3731
7.25408  6.70345
6.88489  4.73782
9.21971  6.33426
8.85052  4.36863
7.62327  8.66908
7.99246  10.6347
9.5889  8.29989
9.95809  10.2655
-0.669147  3.94513
-0.299959  5.91076
1.29648  3.57594
1.66567  5.54157
-1.03833  1.9795
-1.40752  0.0138715
0.927295  1.61031
0.558108  -0.355316
-2.63478  4.31432
-2.26559  6.27995
-4.60041  4.68351
-4.23122  6.64914
-3.00396  2.34869
-3.37315  0.383059
-4.96959  2.71788
-5.33878  0.752247
0.438416  9.84202
0.0692282  7.87639
2.40405  9.47283
2.03486  7.5072
0.807603  11.8077
1.17679  13.7733
2.77323  11.4385
3.14242  13.4041
-1.52721  10.2112
-1.8964  8.24558
-3.49284  10.5804
-3.86203  8.61477
-1.15803  12.1768
-0.788839  14.1425
-3.12366  12.546
-2.75447  14.5117
5.22774  2.83757
5.59693  4.8032
3.26211  3.20676
3.6313  5.17239
4.85855  0.871939
4.48937  -1.09369
2.89293  1.24113
2.52374  -0.724504
7.19337  2.46838
7.56256  4.43401
9.159  2.09919
9.52819  4.06482
6.82418  0.502751
6.455  -1.46288
8.78981  0.133563
8.42063  -1.83207
6.33531  8.73446
5.96612  6.76883
4.36968  9.10365
4.00049  7.13802
6.70449  10.7001
7.07368  12.6657
4.73886  11.0693
5.10805  13.0349
8.30094  8.36527
7.93175  6.39964
10.2666  7.99608
9.89738  6.03045
8.67012  10.3309
9.03931  12.2965
10.6358  9.96171
11.0049  11.9273
-6.08649  2.7152
-5.71731  4.68083
-4.12086  2.34601
-3.75168  4.31164
-6.45568  0.749571
-6.82487  -1.21606
-4.49005  0.380383
-4.85924  -1.58525
-8.05212  3.08439
-7.68294  5.05002
-10.0178  3.45358
-9.64857  5.41921
-8.42131  1.11876
-8.7905  -0.846872
-10.3869  1.48795
-10.7561  -0.477684
-4.97893  8.61209
-5.34812  6.64646
-3.0133  8.2429
-3.38249  6.27727
-4.60974  10.5777
-4.24056  12.5433
-2.64411  10.2085
-2.27493  12.1742
-6.94456  8.98128
-7.31375  7.01565
-8.91019  9.35047
-9.27938  7.38484
-6.57537  10.9469
-6.20619  12.9125
-8.541  11.3161
-8.17182  13.2817
-0.189604  1.60764
0.179584  3.57327
-2.15523  1.97683
-1.78605  3.94246
-0.558792  -0.357992
-0.927979  -2.32362
-2.52442  0.0111954
-2.89361  -1.95443
1.77603  1.23845
2.14521  3.20408
3.74166  0.869262
4.11084  2.83489
1.40684  -0.72718
1.03765  -2.69281
3.37247  -1.09637
3.00328  -3.062
0.917959  7.50453
0.548771  5.5389
-1.04767  7.87371
-1.41686  5.90808
1.28715  9.47016
1.65633  11.4358
-0.678483  9.83934
-0.309296  11.805
2.88359  7.13534
2.5144  5.16971
4.84922  6.76615
4.48003  4.80052
3.25278  9.10097
3.62196  11.0666
5.21841  8.73178
5.58759  10.6974
-7.13335  1.05338
-6.76416  3.01901
-5.16772  0.684194
-4.79853  2.64982
-7.50253  -0.912249
-7.87172  -2.87788
-5.53691  -1.28144
-5.90609  -3.24707
-9.09898  1.42257
-8.72979  3.3882
-11.0646  1.79176
-10.6954  3.75739
-9.46816  -0.543061
-9.83735  -2.50869
-11.4338  -0.173873
-11.803  -2.1395
-6.02578  6.95027
-6.39497  4.98464
-4.06015  6.58108
-4.42934  4.61545
-5.6566  8.9159
-5.28741  10.8815
-3.69097  8.54671
-3.32178  10.5123
-7.99141  7.31946
-8.3606  5.35383
-9.95704  7.68865
-10.3262  5.72302
-7.62223  9.28509
-7.25304  11.2507
-9.58786  9.65428
-9.21867  11.6199
-1.23646  -0.0541816
-0.86727  1.91145
-3.20209  0.315006
-2.8329  2.28064
-1.60565  -2.01981
-1.97483  -3.98544
-3.57128  -1.65062
-3.94046  -3.61625
0.729172  -0.423369
1.09836  1.54226
2.6948  -0.792557
3.06399  1.17307
0.359984  -2.389
-0.00920327  -4.35463
2.32561  -2.75819
1.95643  -4.72382
-0.128895  5.84271
-0.498083  3.87708
-2.09452  6.2119
-2.46371  4.24627
0.240292  7.80834
0.60948  9.77397
-1.72534  8.17753
-1.35615  10.1432
1.83673  5.47352
1.46755  3.50789
3.80236  5.10433
3.43318  3.1387
2.20592  7.43915
2.57511  9.40478
4.17155  7.06996
4.54074  9.03559
-7.74831  3.76205
-7.37913  5.72768
-5.78268  3.39287
-5.4135  5.3585
-8.1175  1.79642
-8.48669  -0.169205
-6.15187  1.42724
-6.52106  -0.538393
-9.71394  4.13124
-9.34475  6.09687
-11.6796  4.50043
-11.3104  6.46606
-10.0831  2.16561
-10.4523  0.199982
-12.0488  2.5348
-12.4179  0.56917
-6.64075  9.65894
-7.00994  7.69331
-4.67512  9.28976
-5.04431  7.32413
-6.27156  11.6246
-5.90237  13.5902
-4.30593  11.2554
-3.93674  13.221
-8.60638  10.0281
-8.97557  8.0625
-10.572  10.3973
-10.9412  8.43169
-8.23719  11.9938
-7.868  13.9594
-10.2028  12.3629
-9.83363  14.3286
-1.85142  2.65449
-1.48224  4.62012
-3.81705  3.02368
-3.44787  4.98931
-2.22061  0.688862
-2.5898  -1.27677
-4.18624  1.05805
-4.55543  -0.90758
0.114207  2.2853
0.483394  4.25093
2.07984  1.91612
2.44902  3.88175
-0.254981  0.319674
-0.624169  -1.64596
1.71065  -0.0495134
1.34146  -2.01514
-0.74386  8.55138
-1.11305  6.58575
-2.70949  8.92057
-3.07868  6.95494
-0.374673  10.517
-0.00548532  12.4826
-2.3403  10.8862
-1.97112  12.8518
1.22177  8.18219
0.852582  6.21656
3.1874  7.81301
2.81821  5.84738
1.59096  10.1478
1.96014  12.1135
3.55659  9.77864
3.92577  11.7443
-8.79517  2.10024
-8.42598  4.06586
-6.82954  1.73105
-6.46035  3.69668
-9.16435  0.134605
-9.53354  -1.83102
-7.19872  -0.234582
-7.56791  -2.20021
-10.7608  2.46942
-10.3916  4.43505
-12.7264  2.83861
-12.3572  4.80424
-11.13  0.503793
-11.4992  -1.46184
-13.0956  0.87298
-13.4648  -1.09265
-7.6876  7.99712
-8.05679  6.03149
-5.72197  7.62794
-6.09116  5.66231
-7.31842  9.96275
-6.94923  11.9284
-5.35279  9.59357
-4.9836  11.5592
-9.65323  8.36631
-10.0224  6.40068
-11.6189  8.7355
-11.9881  6.76987
-9.28405  10.3319
-8.91486  12.2976
-11.2497  10.7011
-10.8805  12.6668
-2.89828  0.992672
-2.52909  2.9583
-4.86391  1.36186
-4.49472  3.32749
-3.26746  -0.972957
-3.63665  -2.93859
-5.23309  -0.60377
-5.60228  -2.5694
-0.932647  0.623485
-0.56346  2.58911
1.03298  0.254297
1.40217  2.21993
-1.30183  -1.34215
-1.67102  -3.30777
0.663795  -1.71133
0.294607  -3.67696
-1.79071  6.88956
-2.1599  4.92393
-3.75634  7.25875
-4.12553  5.29312
-1.42153  8.85519
-1.05234  10.8208
-3.38716  9.22438
-3.01797  11.19
0.174915  6.52037
-0.194272  4.55474
2.14055  6.15119
1.77136  4.18556
0.544103  8.486
0.913291  10.4516
2.50973  8.11682
2.87892  10.0824
-5.03964  4.37702
-4.67045  6.34265
-3.07401  4.00783
-2.70482  5.97346
-5.40883  2.41139
-5.77801  0.44576
-3.4432  2.0422
-3.81238  0.0765725
-7.00527  4.74621
-6.63608  6.71184
-8.9709  5.11539
-8.60171  7.08102
-7.37446  2.78058
-7.74364  0.814948
-9.34009  3.14977
-9.70927  1.18414
-3.93208  10.2739
-4.30126  8.30828
-1.96645  9.90472
-2.33563  7.93909
-3.56289  12.2395
-3.1937  14.2052
-1.59726  11.8704
-1.22807  13.836
-5.89771  10.6431
-6.26689  8.67747
-7.86334  11.0123
-8.23252  9.04665
-5.52852  12.6087
-5.15933  14.5744
-7.49415  12.9779
-7.12496  14.9435
0.85725  3.26946
1.22644  5.23509
-1.10838  3.63864
-0.739192  5.60427
0.488062  1.30383
0.118875  -0.661803
-1.47757  1.67301
-1.84676  -0.292615
2.82288  2.90027
3.19207  4.8659
4.78851  2.53108
5.1577  4.49671
2.45369  0.93464
2.0845  -1.03099
4.41932  0.565452
4.05013  -1.40018
1.96481  9.16635
1.59563  7.20072
-0.000817089  9.53553
-0.370005  7.5699
2.334  11.132
2.70319  13.0976
0.36837  11.5012
0.737558  13.4668
3.93044  8.79716
3.56125  6.83153
5.89607  8.42797
5.52688  6.46234
4.29963  10.7628
4.66882  12.7284
6.26526  10.3936
6.63445  12.3592
-3.99279  6.03884
-3.6236  8.00447
-2.02716  5.66965
-1.65797  7.63528
-4.36197  4.07321
-4.73116  2.10758
-2.39634  3.70402
-2.76553  1.73839
-5.95842  6.40803
-5.58923  8.37366
-7.92405  6.77721
-7.55486  8.74284
-6.3276  4.4424
-6.69679  2.47677
-8.29323  4.81158
-8.66242  2.84595
-2.88522  11.9357
-3.25441  9.9701
-0.919593  11.5665
-1.28878  9.60091
-2.51604  13.9014
-2.14685  15.867
-0.550405  13.5322
-0.181218  15.4978
-4.85085  12.3049
-5.22004  10.3393
-6.81648  12.6741
-7.18567  10.7085
-4.48166  14.2705
-4.11248  16.2362
-6.44729  14.6397
-6.07811  16.6054
1.9041  4.93128
2.27329  6.89691
-0.0615259  5.30046
0.307662  7.26609
1.53492  2.96565
1.16573  1.00002
-0.430714  3.33483
-0.799901  1.3692
3.86973  4.56209
4.23892  6.52772
5.83536  4.1929
6.20455  6.15853
3.50055  2.59646
3.13136  0.630829
5.46618  2.22727
5.09699  0.261641
3.01167  10.8282
2.64248  8.86254
1.04604  11.1974
0.676849  9.23172
3.38085  12.7938
3.75004  14.7594
1.41522  13.163
1.78441  15.1286
4.9773  10.459
4.60811  8.49335
6.94293  10.0898
6.57374  8.12416
5.34648  12.4246
5.71567  14.3902
7.31211  12.0554
7.6813  14.0211
-6.70146  5.42387
-6.33227  7.3895
-4.73583  5.05469
-4.36664  7.02032
-7.07065  3.45824
-7.43983  1.49261
-5.10502  3.08906
-5.4742  1.12343
-8.66709  5.79306
-8.2979  7.75869
-10.6327  6.16225
-10.2635  8.12788
-9.03628  3.82743
-9.40546  1.8618
-11.0019  4.19662
-11.3711  2.23099
-5.5939  11.3208
-5.96308  9.35513
-3.62827  10.9516
-3.99745  8.98595
-5.22471  13.2864
-4.85552  15.252
-3.25908  12.9172
-2.88989  14.8828
-7.55953  11.69
-7.92871  9.72432
-9.52516  12.0591
-9.89434  10.0935
-7.19034  13.6556
-6.82115  15.6212
-9.15597  14.0248
-8.78678  15.9904
-0.804569  4.31631
-0.435382  6.28194
-2.7702  4.6855
-2.40101  6.65113
-1.17376  2.35068
-1.54294  0.385051
-3.13939  2.71987
-3.50857  0.754239
1.16106  3.94712
1.53025  5.91275
3.12669  3.57794
3.49588  5.54357
0.791873  1.98149
0.422685  0.0158637
2.7575  1.61231
2.38832  -0.353324
0.302993  10.2132
-0.0661942  8.24757
-1.66264  10.5824
-2.03182  8.61676
0.672181  12.1788
1.04137  14.1445
-1.29345  12.548
-0.924261  14.5136
2.26862  9.84401
1.89944  7.87838
4.23425  9.47483
3.86507  7.5092
2.63781  11.8096
3.007  13.7753
4.60344  11.4405
4.97263  13.4061
-5.6546  7.08569
-5.28542  9.05132
-3.68897  6.71651
-3.31979  8.68214
-6.02379  5.12006
-6.39298  3.15443
-4.05816  4.75088
-4.42735  2.78525
-7.62023  7.45488
-7.25105  9.42051
-9.58586  7.82407
-9.21668  9.7897
-7.98942  5.48925
-8.35861  3.52362
-9.95505  5.85844
-10.3242  3.89281
-4.54704  12.9826
-4.91623  11.017
-2.58141  12.6134
-2.9506  10.6478
-4.17785  14.9482
-3.80867  16.9138
-2.21222  14.579
-1.84304  16.5447
-6.51267  13.3518
-6.88186  11.3861
-8.4783  13.721
-8.84749  11.7553
-6.14348  15.3174
-5.7743  17.283
-8.10911  15.6866
-7.73993  17.6522
0.242285  5.97813
0.611472  7.94376
-1.72335  6.34732
-1.35416  8.31295
-0.126903  4.0125
-0.496091  2.04687
-2.09253  4.38169
-2.46172  2.41606
2.20791  5.60894
2.5771  7.57457
4.17354  5.23975
4.54273  7.20538
1.83873  3.64331
1.46954  1.67768
3.80436  3.27413
3.43517  1.3085
1.34985  11.875
0.98066  9.90939
-0.615782  12.2442
-0.98497  10.2786
1.71903  13.8406
2.08822  15.8063
-0.246595  14.2098
0.122593  16.1755
3.31548  11.5058
2.94629  9.5402
5.28111  11.1366
4.91192  9.17101
3.68466  13.4715
4.05385  15.4371
5.65029  13.1023
6.01948  15.0679
-7.56524  -3.31711
-7.19605  -1.35148
-5.59961  -3.6863
-5.23042  -1.72067
-7.93442  -5.28274
-8.30361  -7.24837
-5.96879  -5.65193
-6.33798  -7.61756
-9.53087  -2.94792
-9.16168  -0.982294
-11.4965  -2.57874
-11.1273  -0.613106
-9.90005  -4.91355
-10.2692  -6.87918
-11.8657  -4.54437
-12.2349  -6.51
-6.45767  2.57978
-6.82686  0.614148
-4.49204  2.21059
-4.86123  0.244961
-6.08849  4.54541
-5.7193  6.51104
-4.12286  4.17622
-3.75367  6.14185
-8.4233  2.94897
-8.79249  0.983336
-10.3889  3.31815
-10.7581  1.35252
-8.05412  4.9146
-7.68493  6.88023
-10.0197  5.28378
-9.65056  7.24941
-1.66835  -4.42467
-1.29916  -2.45904
-3.63398  -4.05549
-3.26479  -2.08986
-2.03753  -6.3903
-2.40672  -8.35593
-4.00316  -6.02112
-4.37235  -7.98675
0.297283  -4.79386
0.666471  -2.82823
2.26291  -5.16305
2.6321  -3.19742
-0.0719043  -6.75949
-0.441092  -8.72512
1.89373  -7.12868
1.52454  -9.09431
-0.560784  1.47222
-0.929971  -0.493414
-2.52641  1.8414
-2.8956  -0.124227
-0.191596  3.43785
0.177591  5.40347
-2.15723  3.80703
-1.78804  5.77266
1.40485  1.10303
1.03566  -0.862602
3.37048  0.73384
3.00129  -1.23179
1.77403  3.06866
2.14322  5.03429
3.73966  2.69947
4.10885  4.6651
-6.51838  -1.65529
-6.14919  0.310338
-4.55275  -2.02448
-4.18356  -0.0588499
-6.88757  -3.62092
-7.25676  -5.58655
-4.92194  -3.99011
-5.29113  -5.95574
-8.48401  -1.2861
-8.11482  0.679525
-10.4496  -0.916917
-10.0805  1.04871
-8.8532  -3.25173
-9.22239  -5.21736
-10.8188  -2.88255
-11.188  -4.84818
-5.41082  4.2416
-5.78001  2.27597
-3.44519  3.87241
-3.81438  1.90678
-5.04163  6.20723
-4.67244  8.17286
-3.076  5.83804
-2.70681  7.80367
-7.37645  4.61078
-7.74564  2.64516
-9.34208  4.97997
-9.71127  3.01434
-7.00726  6.57641
-6.63807  8.54204
-8.97289  6.9456
-8.6037  8.91123
-0.621493  -2.76285
-0.252305  -0.797225
-2.58712  -2.39367
-2.21793  -0.428037
-0.99068  -4.72848
-1.35987  -6.69411
-2.95631  -4.3593
-3.3255  -6.32493
1.34414  -3.13204
1.71332  -1.16641
3.30977  -3.50123
3.67895  -1.5356
0.97495  -5.09767
0.605762  -7.0633
2.94058  -5.46686
2.57139  -7.43249
0.48607  3.13403
0.116883  1.1684
-1.47956  3.50322
-1.84875  1.53759
0.855258  5.09966
1.22445  7.06529
-1.11037  5.46885
-0.741184  7.43448
2.4517  2.76485
2.08251  0.799217
4.41733  2.39566
4.04814  0.43003
2.82089  4.73048
3.19008  6.69611
4.78652  4.36129
5.1557  6.32692
-5.90342  -4.36397
-5.53423  -2.39834
-3.93779  -4.73315
-3.5686  -2.76752
-6.2726  -6.3296
-6.64179  -8.29522
-4.30697  -6.69878
-4.67616  -8.66441
-7.86905  -3.99478
-7.49986  -2.02915
-9.83468  -3.62559
-9.46549  -1.65996
-8.23823  -5.96041
-8.60742  -7.92604
-10.2039  -5.59122
-10.5731  -7.55685
-4.79585  1.53292
-5.16504  -0.432706
-2.83022  1.16374
-3.19941  -0.801893
-4.42667  3.49855
-4.05748  5.46418
-2.46104  3.12937
-2.09185  5.095
-6.76148  1.90211
-7.13067  -0.0635181
-8.72711  2.2713
-9.0963  0.305669
-6.3923  3.86774
-6.02311  5.83337
-8.35793  4.23693
-7.98874  6.20256
-0.00652721  -5.47153
0.36266  -3.5059
-1.97216  -5.10234
-1.60297  -3.13671
-0.375715  -7.43716
-0.744902  -9.40279
-2.34134  -7.06797
-2.71053  -9.0336
1.9591  -5.84072
2.32829  -3.87509
3.92473  -6.2099
4.29392  -4.24427
1.58992  -7.80635
1.22073  -9.77198
3.55554  -8.17553
3.18636  -10.1412
1.10104  0.425361
0.731848  -1.54027
-0.864594  0.794549
-1.23378  -1.17108
1.47022  2.39099
1.83941  4.35662
-0.495407  2.76018
-0.126219  4.72581
3.06667  0.0561738
2.69748  -1.90946
5.0323  -0.313014
4.66311  -2.27864
3.43585  2.0218
3.80504  3.98743
5.40148  1.65262
5.77067  3.61825
-4.85656  -2.70215
-4.48738  -0.736516
-2.89093  -3.07133
-2.52175  -1.1057
-5.22575  -4.66778
-5.59494  -6.63341
-3.26012  -5.03696
-3.62931  -7.00259
-6.82219  -2.33296
-6.453  -0.367329
-8.78782  -1.96377
-8.41863  0.00185898
-7.19138  -4.29859
-7.56057  -6.26422
-9.15701  -3.9294
-9.5262  -5.89503
-3.749  3.19474
-4.11819  1.22911
-1.78337  2.82556
-2.15256  0.859926
-3.37981  5.16037
-3.01062  7.126
-1.41418  4.79119
-1.04499  6.75682
-5.71463  3.56393
-6.08382  1.5983
-7.68026  3.93312
-8.04945  1.96749
-5.34544  5.52956
-4.97625  7.49519
-7.31107  5.89875
-6.94188  7.86438
1.04033  -3.80971
1.40951  -1.84408
-0.925303  -3.44052
-0.556115  -1.47489
0.671139  -5.77534
0.301952  -7.74097
-1.29449  -5.40615
-1.66368  -7.37178
3.00596  -4.1789
3.37514  -2.21327
4.97159  -4.54808
5.34077  -2.58245
2.63677  -6.14453
2.26758  -8.11016
4.6024  -6.51371
4.23321  -8.47934
2.14789  2.08718
1.7787  0.121551
0.18226  2.45637
-0.186928  0.490738
2.51708  4.05281
2.88626  6.01844
0.551447  4.422
0.920635  6.38763
4.11352  1.71799
3.74433  -0.247637
6.07915  1.34881
5.70996  -0.616824
4.48271  3.68362
4.85189  5.64925
6.44834  3.31444
6.81752  5.28007
-8.61209  -4.97893
-8.2429  -3.0133
-6.64646  -5.34812
-6.27727  -3.38249
-8.98128  -6.94456
-9.35047  -8.91019
-7.01565  -7.31375
-7.38484  -9.27938
-10.5777  -4.60974
-10.2085  -2.64411
-12.5433  -4.24056
-12.1742  -2.27493
-10.9469  -6.57537
-11.3161  -8.541
-12.9125  -6.20619
-13.2817  -8.17182
-7.50453  0.917959
-7.87371  -1.04767
-5.5389  0.548771
-5.90808  -1.41686
-7.13534  2.88359
-6.76615  4.84922
-5.16971  2.5144
-4.80052  4.48003
-9.47016  1.28715
-9.83934  -0.678483
-11.4358  1.65633
-11.805  -0.309296
-9.10097  3.25278
-8.73178  5.21841
-11.0666  3.62196
-10.6974  5.58759
-2.7152  -6.08649
-2.34601  -4.12086
-4.68083  -5.71731
-4.31164  -3.75168
-3.08439  -8.05212
-3.45358  -10.0178
-5.05002  -7.68294
-5.41921  -9.64857
-0.749571  -6.45568
-0.380383  -4.49005
1.21606  -6.82487
1.58525  -4.85924
-1.11876  -8.42131
-1.48795  -10.3869
0.846872  -8.7905
0.477684  -10.7561
-1.60764  -0.189604
-1.97683  -2.15523
-3.57327  0.179584
-3.94246  -1.78605
-1.23845  1.77603
-0.869262  3.74166
-3.20408  2.14521
-2.83489  4.11084
0.357992  -0.558792
-0.0111954  -2.52442
2.32362  -0.927979
1.95443  -2.89361
0.72718  1.40684
1.09637  3.37247
2.69281  1.03765
3.062  3.00328
-9.65894  -6.64075
-9.28976  -4.67512
-7.69331  -7.00994
-7.32413  -5.04431
-10.0281  -8.60638
-10.3973  -10.572
-8.0625  -8.97557
-8.43169  -10.9412
-11.6246  -6.27156
-11.2554  -4.30593
-13.5902  -5.90237
-13.221  -3.93674
-11.9938  -8.23719
-12.3629  -10.2028
-13.9594  -7.868
-14.3286  -9.83363
-8.55138  -0.74386
-8.92057  -2.70949
-6.58575  -1.11305
-6.95494  -3.07868
-8.18219  1.22177
-7.81301  3.1874
-6.21656  0.852582
-5.84738  2.81821
-10.517  -0.374673
-10.8862  -2.3403
-12.4826  -0.00548532
-12.8518  -1.97112
-10.1478  1.59096
-9.77864  3.55659
-12.1135  1.96014
-11.7443  3.92577
-3.76205  -7.74831
-3.39287  -5.78268
-5.72768  -7.37913
-5.3585  -5.4135
-4.13124  -9.71394
-4.50043  -11.6796
-6.09687  -9.34475
-6.46606  -11.3104
-1.79642  -8.1175
-1.42724  -6.15187
0.169205  -8.48669
0.538393  -6.52106
-2.16561  -10.0831
-2.5348  -12.0488
-0.199982  -10.4523
-0.56917  -12.4179
-2.65449  -1.85142
-3.02368  -3.81705
-4.62012  -1.48224
-4.98931  -3.44787
-2.2853  0.114207
-1.91612  2.07984
-4.25093  0.483394
-3.88175  2.44902
-0.688862  -2.22061
-1.05805  -4.18624
1.27677  -2.5898
0.90758  -4.55543
-0.319674  -0.254981
0.0495134  1.71065
1.64596  -0.624169
2.01514  1.34146
-6.95027  -6.02578
-6.58108  -4.06015
-4.98464  -6.39497
-4.61545  -4.42934
-7.31946  -7.99141
-7.68865  -9.95704
-5.35383  -8.3606
-5.72302  -10.3262
-8.9159  -5.6566
-8.54671  -3.69097
-10.8815  -5.28741
-10.5123  -3.32178
-9.28509  -7.62223
-9.65428  -9.58786
-11.2507  -7.25304
-11.6199  -9.21867
-5.84271  -0.128895
-6.2119  -2.09452
-3.87708  -0.498083
-4.24627  -2.46371
-5.47352  1.83673
-5.10433  3.80236
-3.50789  1.46755
-3.1387  3.43318
-7.80834  0.240292
-8.17753  -1.72534
-9.77397  0.60948
-10.1432  -1.35615
-7.43915  2.20592
-7.06996  4.17155
-9.40478  2.57511
-9.03559  4.54074
-1.05338  -7.13335
-0.684194  -5.16772
-3.01901  -6.76416
-2.64982  -4.79853
-1.42257  -9.09898
-1.79176  -11.0646
-3.3882  -8.72979
-3.75739  -10.6954
0.912249  -7.50253
1.28144  -5.53691
2.87788  -7.87172
3.24707  -5.90609
0.543061  -9.46816
0.173873  -11.4338
2.50869  -9.83735
2.1395  -11.803
0.0541816  -1.23646
-0.315006  -3.20209
-1.91145  -0.86727
-2.28064  -2.8329
0.423369  0.729172
0.792557  2.6948
-1.54226  1.09836
-1.17307  3.06399
2.01981  -1.60565
1.65062  -3.57128
3.98544  -1.97483
3.61625  -3.94046
2.389  0.359984
2.75819  2.32561
4.35463  -0.00920327
4.72382  1.95643
-7.99712  -7.6876
-7.62794  -5.72197
-6.03149  -8.05679
-5.66231  -6.09116
-8.36631  -9.65323
-8.7355  -11.6189
-6.40068  -10.0224
-6.76987  -11.9881
-9.96275  -7.31842
-9.59357  -5.35279
-11.9284  -6.94923
-11.5592  -4.9836
-10.3319  -9.28405
-10.7011  -11.2497
-12.2976  -8.91486
-12.6668  -10.8805
-6.88956  -1.79071
-7.25875  -3.75634
-4.92393  -2.1599
-5.29312  -4.12553
-6.52037  0.174915
-6.15119  2.14055
-4.55474  -0.194272
-4.18556  1.77136
-8.85519  -1.42153
-9.22438  -3.38716
-10.8208  -1.05234
-11.19  -3.01797
-8.486  0.544103
-8.11682  2.50973
-10.4516  0.913291
-10.0824  2.87892
-2.10024  -8.79517
-1.73105  -6.82954
-4.06586  -8.42598
-3.69668  -6.46035
-2.46942  -10.7608
-2.83861  -12.7264
-4.43505  -10.3916
-4.80424  -12.3572
-0.134605  -9.16435
0.234582  -7.19872
1.83102  -9.53354
2.20021  -7.56791
-0.503793  -11.13
-0.87298  -13.0956
1.46184  -11.4992
1.09265  -13.4648
-0.992672  -2.89828
-1.36186  -4.86391
-2.9583  -2.52909
-3.32749  -4.49472
-0.623485  -0.932647
-0.254297  1.03298
-2.58911  -0.56346
-2.21993  1.40217
0.972957  -3.26746
0.60377  -5.23309
2.93859  -3.63665
2.5694  -5.60228
1.34215  -1.30183
1.71133  0.663795
3.30777  -1.67102
3.67696  0.294607
-9.22706  -2.27026
-8.85787  -0.304628
-7.26143  -2.63945
-6.89224  -0.673815
-9.59624  -4.23589
-9.96543  -6.20152
-7.63061  -4.60507
-7.9998  -6.5707
-11.1927  -1.90107
-10.8235  0.06456
-13.1583  -1.53188
-12.7891  0.433748
-11.5619  -3.8667
-11.9311  -5.83233
-13.5275  -3.49751
-13.8967  -5.46314
-8.11949  3.62663
-8.48868  1.661
-6.15386  3.25744
-6.52305  1.29181
-7.7503  5.59226
-7.38112  7.55789
-5.78468  5.22307
-5.41549  7.1887
-10.0851  3.99582
-10.4543  2.03019
-12.0508  4.36501
-12.4199  2.39938
-9.71593  5.96145
-9.34675  7.92708
-11.6816  6.33064
-11.3124  8.29627
-3.33017  -3.37782
-2.96098  -1.41219
-5.2958  -3.00863
-4.92661  -1.043
-3.69935  -5.34345
-4.06854  -7.30908
-5.66498  -4.97426
-6.03417  -6.93989
-1.36454  -3.74701
-0.995348  -1.78138
0.601094  -4.1162
0.970281  -2.15057
-1.73372  -5.71264
-2.10291  -7.67827
0.231906  -6.08183
-0.137281  -8.04745
-2.2226  2.51907
-2.59179  0.553439
-4.18823  2.88826
-4.55742  0.922627
-1.85342  4.4847
-1.48423  6.45033
-3.81905  4.85389
-3.44986  6.81952
-0.256973  2.14988
-0.626161  0.184252
1.70866  1.78069
1.33947  -0.184936
0.112214  4.11551
0.481402  6.08114
2.07784  3.74632
2.44703  5.71195
-8.1802  -0.608438
-7.81101  1.35719
-6.21457  -0.977626
-5.84538  0.988004
-8.54939  -2.57407
-8.91858  -4.5397
-6.58376  -2.94326
-6.95295  -4.90889
-10.1458  -0.239251
-9.77664  1.72638
-12.1115  0.129937
-11.7423  2.09557
-10.515  -2.20488
-10.8842  -4.17051
-12.4806  -1.83569
-12.8498  -3.80132
-7.07264  5.28845
-7.44183  3.32282
-5.10701  4.91926
-5.4762  2.95363
-6.70345  7.25408
-6.33426  9.21971
-4.73782  6.88489
-4.36863  8.85052
-9.03827  5.65764
-9.40746  3.69201
-11.0039  6.02683
-11.3731  4.0612
-8.66908  7.62327
-8.29989  9.5889
-10.6347  7.99246
-10.2655  9.95809
-2.28331  -1.716
-1.91412  0.249629
-4.24894  -1.34681
-3.87975  0.618816
-2.6525  -3.68163
-3.02169  -5.64726
-4.61813  -3.31244
-4.98732  -5.27807
-0.317682  -2.08519
0.0515056  -0.119559
1.64795  -2.45438
2.01714  -0.488746
-0.68687  -4.05082
-1.05606  -6.01645
1.27876  -4.42001
0.909573  -6.38564
-1.17575  4.18089
-1.54494  2.21526
-3.14138  4.55008
-3.51057  2.58445
-0.806561  6.14652
-0.437374  8.11215
-2.77219  6.51571
-2.403  8.48134
0.789881  3.8117
0.420693  1.84607
2.75551  3.44251
2.38632  1.47688
1.15907  5.77733
1.52826  7.74296
3.1247  5.40814
3.49389  7.37377
-10.8889  -1.2234
-10.5197  0.742226
-8.92324  -1.59259
-8.55406  0.373039
-11.2581  -3.18903
-11.6272  -5.15466
-9.29243  -3.55822
-9.66162  -5.52385
-12.8545  -0.854216
-12.4853  1.11141
-14.8201  -0.485028
-14.4509  1.4806
-13.2237  -2.81985
-13.5929  -4.78548
-15.1893  -2.45066
-15.5585  -4.41629
-9.78131  4.67349
-10.1505  2.70786
-7.81568  4.3043
-8.18487  2.33867
-9.41212  6.63912
-9.04294  8.60475
-7.44649  6.26993
-7.07731  8.23556
-11.7469  5.04267
-12.1161  3.07704
-13.7126  5.41186
-14.0818  3.44623
-11.3778  7.0083
-11.0086  8.97393
-13.3434  7.37749
-12.9742  9.34312
-4.99199  -2.33097
-4.6228  -0.365336
-6.95761  -1.96178
-6.58843  0.00385115
-5.36117  -4.2966
-5.73036  -6.26223
-7.3268  -3.92741
-7.69599  -5.89304
-3.02636  -2.70015
-2.65717  -0.734524
-1.06073  -3.06934
-0.691538  -1.10371
-3.39554  -4.66578
-3.76473  -6.63141
-1.42991  -5.03497
-1.7991  -7.0006
-3.88442  3.56592
-4.25361  1.60029
-5.85005  3.93511
-6.21924  1.96948
-3.51523  5.53155
-3.14605  7.49718
-5.48086  5.90074
-5.11168  7.86637
-1.91879  3.19674
-2.28798  1.23111
0.0468373  2.82755
-0.32235  0.861918
-1.5496  5.16237
-1.18042  7.128
0.416025  4.79318
0.785212  6.75881
-9.84202  0.438416
-9.47283  2.40405
-7.87639  0.0692282
-7.5072  2.03486
-10.2112  -1.52721
-10.5804  -3.49284
-8.24558  -1.8964
-8.61477  -3.86203
-11.8077  0.807603
-11.4385  2.77323
-13.7733  1.17679
-13.4041  3.14242
-12.1768  -1.15803
-12.546  -3.12366
-14.1425  -0.788839
-14.5117  -2.75447
-8.73446  6.33531
-9.10365  4.36968
-6.76883  5.96612
-7.13802  4.00049
-8.36527  8.30094
-7.99608  10.2666
-6.39964  7.93175
-6.03045  9.89738
-10.7001  6.70449
-11.0693  4.73886
-12.6657  7.07368
-13.0349  5.10805
-10.3309  8.67012
-9.96171  10.6358
-12.2965  9.03931
-11.9273  11.0049
-3.94513  -0.669147
-3.57594  1.29648
-5.91076  -0.299959
-5.54157  1.66567
-4.31432  -2.63478
-4.68351  -4.60041
-6.27995  -2.26559
-6.64914  -4.23122
-1.9795  -1.03833
-1.61031  0.927295
-0.0138715  -1.40752
0.355316  0.558108
-2.34869  -3.00396
-2.71788  -4.96959
-0.383059  -3.37315
-0.752247  -5.33878
-2.83757  5.22774
-3.20676  3.26211
-4.8032  5.59693
-5.17239  3.6313
-2.46838  7.19337
-2.09919  9.159
-4.43401  7.56256
-4.06482  9.52819
-0.871939  4.85855
-1.24113  2.89293
1.09369  4.48937
0.724504  2.52374
-0.502751  6.82418
-0.133563  8.78981
1.46288  6.455
1.83207  8.42063
-10.2739  -3.93208
-9.90472  -1.96645
-8.30828  -4.30126
-7.93909  -2.33563
-10.6431  -5.89771
-11.0123  -7.86334
-8.67747  -6.26689
-9.04665  -8.23252
-12.2395  -3.56289
-11.8704  -1.59726
-14.2052  -3.1937
-13.836  -1.22807
-12.6087  -5.52852
-12.9779  -7.49415
-14.5744  -5.15933
-14.9435  -7.12496
-9.16635  1.96481
-9.53553  -0.000817089
-7.20072  1.59563
-7.5699  -0.370005
-8.79716  3.93044
-8.42797  5.89607
-6.83153  3.56125
-6.46234  5.52688
-11.132  2.334
-11.5012  0.36837
-13.0976  2.70319
-13.4668  0.737558
-10.7628  4.29963
-10.3936  6.26526
-12.7284  4.66882
-12.3592  6.63445
-4.37702  -5.03964
-4.00783  -3.07401
-6.34265  -4.67045
-5.97346  -2.70482
-4.74621  -7.00527
-5.11539  -8.9709
-6.71184  -6.63608
-7.08102  -8.60171
-2.41139  -5.40883
-2.0422  -3.4432
-0.44576  -5.77801
-0.0765725  -3.81238
-2.78058  -7.37446
-3.14977  -9.34009
-0.814948  -7.74364
-1.18414  -9.70927
-3.26946  0.85725
-3.63864  -1.10838
-5.23509  1.22644
-5.60427  -0.739192
-2.90027  2.82288
-2.53108  4.78851
-4.8659  3.19207
-4.49671  5.1577
-1.30383  0.488062
-1.67301  -1.47757
0.661803  0.118875
0.292615  -1.84676
-0.93464  2.45369
-0.565452  4.41932
1.03099  2.0845
1.40018  4.05013
-11.3208  -5.5939
-10.9516  -3.62827
-9.35513  -5.96308
-8.98595  -3.99745
-11.69  -7.55953
-12.0591  -9.52516
-9.72432  -7.92871
-10.0935  -9.89434
-13.2864  -5.22471
-12.9172  -3.25908
-15.252  -4.85552
-14.8828  -2.88989
-13.6556  -7.19034
-14.0248  -9.15597
-15.6212  -6.82115
-15.9904  -8.78678
-10.2132  0.302993
-10.5824  -1.66264
-8.24757  -0.0661942
-8.61676  -2.03182
-9.84401  2.26862
-9.47483  4.23425
-7.87838  1.89944
-7.5092  3.86507
-12.1788  0.672181
-12.548  -1.29345
-14.1445  1.04137
-14.5136  -0.924261
-11.8096  2.63781
-11.4405  4.60344
-13.7753  3.007
-13.4061  4.97263
-5.42387  -6.70146
-5.05469  -4.73583
-7.3895  -6.33227
-7.02032  -4.36664
-5.79306  -8.66709
-6.16225  -10.6327
-7.75869  -8.2979
-8.12788  -10.2635
-3.45824  -7.07065
-3.08906  -5.10502
-1.49261  -7.43983
-1.12343  -5.4742
-3.82743  -9.03628
-4.19662  -11.0019
-1.8618  -9.40546
-2.23099  -11.3711
-4.31631  -0.804569
-4.6855  -2.7702
-6.28194  -0.435382
-6.65113  -2.40101
-3.94712  1.16106
-3.57794  3.12669
-5.91275  1.53025
-5.54357  3.49588
-2.35068  -1.17376
-2.71987  -3.13939
-0.385051  -1.54294
-0.754239  -3.50857
-1.98149  0.791873
-1.61231  2.7575
-0.0158637  0.422685
0.353324  2.38832
-11.9357  -2.88522
-11.5665  -0.919593
-9.9701  -3.25441
-9.60091  -1.28878
-12.3049  -4.85085
-12.6741  -6.81648
-10.3393  -5.22004
-10.7085  -7.18567
-13.9014  -2.51604
-13.5322  -0.550405
-15.867  -2.14685
-15.4978  -0.181218
-14.2705  -4.48166
-14.6397  -6.44729
-16.2362  -4.11248
-16.6054  -6.07811
-10.8282  3.01167
-11.1974  1.04604
-8.86254  2.64248
-9.23172  0.676849
-10.459  4.9773
-10.0898  6.94293
-8.49335  4.60811
-8.12416  6.57374
-12.7938  3.38085
-13.163  1.41522
-14.7594  3.75004
-15.1286  1.78441
-12.4246  5.34648
-12.0554  7.31211
-14.3902  5.71567
-14.0211  7.6813
-6.03884  -3.99279
-5.66965  -2.02716
-8.00447  -3.6236
-7.63528  -1.65797
-6.40803  -5.95842
-6.77721  -7.92405
-8.37366  -5.58923
-8.74284  -7.55486
-4.07321  -4.36197
-3.70402  -2.39634
-2.10758  -4.73116
-1.73839  -2.76553
-4.4424  -6.3276
-4.81158  -8.29323
-2.47677  -6.69679
-2.84595  -8.66242
-4.93128  1.9041
-5.30046  -0.0615259
-6.89691  2.27329
-7.26609  0.307662
-4.56209  3.86973
-4.1929  5.83536
-6.52772  4.23892
-6.15853  6.20455
-2.96565  1.53492
-3.33483  -0.430714
-1.00002  1.16573
-1.3692  -0.799901
-2.59646  3.50055
-2.22727  5.46618
-0.630829  3.13136
-0.261641  5.09699
-12.9826  -4.54704
-12.6134  -2.58141
-11.017  -4.91623
-10.6478  -2.9506
-13.3518  -6.51267
-13.721  -8.4783
-11.3861  -6.88186
-11.7553  -8.84749
-14.9482  -4.17785
-14.579  -2.21222
-16.9138  -3.80867
-16.5447  -1.84304
-15.3174  -6.14348
-15.6866  -8.10911
-17.283  -5.7743
-17.6522  -7.73993
-11.875  1.34985
-12.2442  -0.615782
-9.90939  0.98066
-10.2786  -0.98497
-11.5058  3.31548
-11.1366  5.28111
-9.5402  2.94629
-9.17101  4.91192
-13.8406  1.71903
-14.2098  -0.246595
-15.8063  2.08822
-16.1755  0.122593
-13.4715  3.68466
-13.1023  5.65029
-15.4371  4.05385
-15.0679  6.01948
-7.08569  -5.6546
-6.71651  -3.68897
-9.05132  -5.28542
-8.68214  -3.31979
-7.45488  -7.62023
-7.82407  -9.58586
-9.42051  -7.25105
-9.7897  -9.21668
-5.12006  -6.02379
-4.75088  -4.05816
-3.15443  -6.39298
-2.78525  -4.42735
-5.48925  -7.98942
-5.85844  -9.95505
-3.52362  -8.35861
-3.89281  -10.3242
-5.97813  0.242285
-6.34732  -1.72335
-7.94376  0.611472
-8.31295  -1.35416
-5.60894  2.20791
-5.23975  4.17354
-7.57457  2.5771
-7.20538  4.54273
-4.0125  -0.126903
-4.38169  -2.09253
-2.04687  -0.496091
-2.41606  -2.46172
-3.64331  1.83873
-3.27413  3.80436
-1.67768  1.46954
-1.3085  3.43517
