3.13713  0.394609
3.72004  -1.51856
1.22396  -0.188304
1.80687  -2.10147
2.55421  2.30778
1.9713  4.22095
0.641045  1.72486
0.0581323  3.63803
5.05029  0.977521
5.63321  -0.935647
6.96346  1.56043
7.54638  -0.352734
4.46738  2.89069
3.88447  4.80386
6.38055  3.4736
5.79764  5.38677
4.88586  -5.3449
4.30295  -3.43173
2.9727  -5.92781
2.38978  -4.01464
5.46878  -7.25806
6.05169  -9.17123
3.55561  -7.84098
4.13852  -9.75415
6.79903  -4.76198
6.21612  -2.84882
8.7122  -4.17907
8.12929  -2.2659
7.38195  -6.67515
7.96486  -8.58832
9.29511  -6.09224
9.87803  -8.00541
-2.60238  -1.35413
-2.01947  -3.2673
-0.68921  -0.771217
-0.106298  -2.68439
-3.18529  0.559038
-3.7682  2.47221
-1.27212  1.14195
-1.85504  3.05512
-4.51555  -1.93704
-3.93263  -3.85021
-6.42871  -2.51996
-5.8458  -4.43312
-5.09846  -0.0238744
-5.68137  1.88929
-7.01163  -0.606787
-7.59454  1.30638
-0.85364  -7.09363
-1.43655  -5.18047
1.05953  -6.51072
0.476615  -4.59755
-0.270727  -9.0068
0.312185  -10.92
1.64244  -8.42389
2.22535  -10.3371
-2.76681  -7.67655
-3.34972  -5.76338
-4.67998  -8.25946
-5.26289  -6.34629
-2.1839  -9.58972
-1.60098  -11.5029
-4.09706  -10.1726
-3.51415  -12.0858
1.64004  1.13053
2.22295  -0.782636
-0.273127  0.547619
0.309785  -1.36555
1.05713  3.0437
0.474215  4.95687
-0.85604  2.46079
-1.43895  4.37396
3.55321  1.71344
4.13612  -0.199724
5.46638  2.29636
6.04929  0.383189
2.9703  3.62661
2.38738  5.53978
4.88346  4.20953
4.30055  6.12269
3.38878  -4.60897
2.80587  -2.6958
1.47561  -5.19189
0.892698  -3.27872
3.97169  -6.52214
4.5546  -8.43531
2.05852  -7.10505
2.64144  -9.01822
5.30195  -4.02606
4.71903  -2.11289
7.21512  -3.44315
6.6322  -1.52998
5.88486  -5.93923
6.46777  -7.8524
7.79803  -5.35632
8.38094  -7.26948
-4.09946  -0.618207
-3.51655  -2.53137
-2.1863  -0.0352937
-1.60338  -1.94846
-4.68238  1.29496
-5.26529  3.20813
-2.76921  1.87787
-3.35212  3.79104
-6.01263  -1.20112
-5.42972  -3.11429
-7.9258  -1.78403
-7.34289  -3.6972
-6.59554  0.712049
-7.17846  2.62522
-8.50871  0.129136
-9.09163  2.0423
-2.35073  -6.35771
-2.93364  -4.44454
-0.437557  -5.7748
-1.02047  -3.86163
-1.76781  -8.27088
-1.1849  -10.184
0.145356  -7.68797
0.728268  -9.60113
-4.26389  -6.94062
-4.84681  -5.02746
-6.17706  -7.52354
-6.75997  -5.61037
-3.68098  -8.85379
-3.09807  -10.767
-5.59415  -9.43671
-5.01124  -11.3499
3.87305  1.89169
4.45596  -0.0214743
1.95988  1.30878
2.54279  -0.604387
3.29014  3.80486
2.70722  5.71803
1.37697  3.22195
0.794056  5.13512
5.78622  2.47461
6.36913  0.561438
7.69939  3.05752
8.2823  1.14435
5.2033  4.38777
4.62039  6.30094
7.11647  4.97069
6.53356  6.88386
5.62179  -3.84781
5.03888  -1.93464
3.70862  -4.43072
3.12571  -2.51756
6.2047  -5.76098
6.78761  -7.67415
4.29153  -6.34389
4.87445  -8.25706
7.53496  -3.2649
6.95204  -1.35173
9.44812  -2.68199
8.86521  -0.768817
8.11787  -5.17807
8.70078  -7.09123
10.031  -4.59515
10.6139  -6.50832
-1.86646  0.142956
-1.28354  -1.77021
0.046713  0.725868
0.629626  -1.1873
-2.44937  2.05612
-3.03228  3.96929
-0.5362  2.63904
-1.11911  4.5522
-3.77962  -0.439957
-3.19671  -2.35313
-5.69279  -1.02287
-5.10988  -2.93604
-4.36254  1.47321
-4.94545  3.38638
-6.2757  0.890298
-6.85862  2.80347
-0.117717  -5.59655
-0.70063  -3.68338
1.79545  -5.01364
1.21254  -3.10047
0.465196  -7.50972
1.04811  -9.42289
2.37836  -6.9268
2.96128  -8.83997
-2.03089  -6.17946
-2.6138  -4.26629
-3.94405  -6.76237
-4.52697  -4.84921
-1.44797  -8.09263
-0.865059  -10.0058
-3.36114  -8.67554
-2.77823  -10.5887
2.37596  2.62762
2.95888  0.714449
0.462796  2.0447
1.04571  0.131536
1.79305  4.54079
1.21014  6.45395
-0.120117  3.95787
-0.70303  5.87104
4.28913  3.21053
4.87205  1.29736
6.2023  3.79344
6.78521  1.88027
3.70622  5.1237
3.12331  7.03687
5.61939  5.70661
5.03648  7.61978
4.1247  -3.11189
3.54179  -1.19872
2.21153  -3.6948
1.62862  -1.78163
4.70762  -5.02506
5.29053  -6.93822
2.79445  -5.60797
3.37736  -7.52114
6.03787  -2.52897
5.45496  -0.615806
7.95104  -1.94606
7.36813  -0.0328937
6.62078  -4.44214
7.2037  -6.35531
8.53395  -3.85923
9.11686  -5.7724
-3.36354  0.878879
-2.78063  -1.03429
-1.45037  1.46179
-0.86746  -0.451377
-3.94645  2.79205
-4.52937  4.70522
-2.03329  3.37496
-2.6162  5.28813
-5.27671  0.295966
-4.6938  -1.6172
-7.18988  -0.286947
-6.60696  -2.20011
-5.85962  2.20913
-6.44253  4.1223
-7.77279  1.62622
-8.3557  3.53939
-1.6148  -4.86063
-2.19771  -2.94746
0.298366  -4.27771
-0.284547  -2.36454
-1.03189  -6.77379
-0.448977  -8.68696
0.881279  -6.19088
1.46419  -8.10405
-3.52797  -5.44354
-4.11088  -3.53037
-5.44114  -6.02645
-6.02405  -4.11328
-2.94506  -7.35671
-2.36214  -9.26988
-4.85823  -7.93962
-4.27531  -9.85279
4.63421  -0.341315
5.21712  -2.25448
2.72104  -0.924228
3.30396  -2.8374
4.0513  1.57185
3.46839  3.48502
2.13813  0.988941
1.55522  2.90211
6.54738  0.241598
7.13029  -1.67157
8.46055  0.824511
9.04346  -1.08866
5.96447  2.15477
5.38155  4.06793
7.87764  2.73768
7.29472  4.65085
6.38295  -6.08082
5.80004  -4.16765
4.46978  -6.66373
3.88687  -4.75056
6.96586  -7.99399
7.54878  -9.90716
5.05269  -8.5769
5.63561  -10.4901
8.29612  -5.49791
7.71321  -3.58474
10.2093  -4.91499
9.62637  -3.00183
8.87903  -7.41107
9.46194  -9.32424
10.7922  -6.82816
11.3751  -8.74133
-1.10529  -2.09005
-0.52238  -4.00322
0.807875  -1.50714
1.39079  -3.42031
-1.68821  -0.176885
-2.27112  1.73628
0.224962  0.406028
-0.357951  2.3192
-3.01846  -2.67297
-2.43555  -4.58613
-4.93163  -3.25588
-4.34872  -5.16905
-3.60137  -0.759798
-4.18429  1.15337
-5.51454  -1.34271
-6.09746  0.570458
0.643445  -7.82956
0.0605324  -5.91639
2.55661  -7.24665
1.9737  -5.33348
1.22636  -9.74273
1.80927  -11.6559
3.13953  -9.15981
3.72244  -11.073
-1.26972  -8.41247
-1.85264  -6.4993
-3.18289  -8.99538
-3.7658  -7.08222
-0.68681  -10.3256
-0.103897  -12.2388
-2.59998  -10.9086
-2.01707  -12.8217
6.1313  -1.07724
6.71421  -2.99041
4.21813  -1.66015
4.80104  -3.57332
5.54838  0.83593
4.96547  2.7491
3.63522  0.253017
3.0523  2.16619
8.04447  -0.494325
8.62738  -2.40749
9.95763  0.0885875
10.5405  -1.82458
7.46155  1.41884
6.87864  3.33201
9.37472  2.00176
8.79181  3.91492
7.88004  -6.81674
7.29712  -4.90357
5.96687  -7.39966
5.38395  -5.48649
8.46295  -8.72991
9.04586  -10.6431
6.54978  -9.31282
7.13269  -11.226
9.7932  -6.23383
9.21029  -4.32066
11.7064  -5.65092
11.1235  -3.73775
10.3761  -8.147
10.959  -10.0602
12.2893  -7.56409
12.8722  -9.47725
0.391792  -2.82598
0.974705  -4.73914
2.30496  -2.24306
2.88787  -4.15623
-0.191121  -0.912808
-0.774033  1.00036
1.72205  -0.329895
1.13913  1.58327
-1.52138  -3.40889
-0.938463  -5.32206
-3.43454  -3.9918
-2.85163  -5.90497
-2.10429  -1.49572
-2.6872  0.417447
-4.01746  -2.07863
-4.60037  -0.165466
2.14053  -8.56548
1.55762  -6.65231
4.0537  -7.98257
3.47079  -6.0694
2.72344  -10.4786
3.30636  -12.3918
4.63661  -9.89574
5.21952  -11.8089
0.227362  -9.14839
-0.355551  -7.23523
-1.68581  -9.73131
-2.26872  -7.81814
0.810275  -11.0616
1.39319  -12.9747
-1.10289  -11.6445
-0.51998  -13.5576
5.37013  1.15577
5.95305  -0.757398
3.45697  0.572858
4.03988  -1.34031
4.78722  3.06894
4.20431  4.98211
2.87405  2.48603
2.29114  4.39919
7.2833  1.73868
7.86622  -0.174485
9.19647  2.3216
9.77938  0.408428
6.70039  3.65185
6.11748  5.56502
8.61356  4.23476
8.03065  6.14793
7.11887  -4.58373
6.53596  -2.67057
5.2057  -5.16665
4.62279  -3.25348
7.70179  -6.4969
8.2847  -8.41007
5.78862  -7.07982
6.37153  -8.99298
9.03204  -4.00082
8.44913  -2.08765
10.9452  -3.41791
10.3623  -1.50474
9.61495  -5.91399
10.1979  -7.82716
11.5281  -5.33108
12.111  -7.24424
-0.36937  -0.592968
0.213543  -2.50614
1.5438  -0.010055
2.12671  -1.92322
-0.952283  1.3202
-1.5352  3.23337
0.960886  1.90311
0.377973  3.81628
-2.28254  -1.17588
-1.69963  -3.08905
-4.19571  -1.75879
-3.61279  -3.67196
-2.86545  0.737288
-3.44836  2.65046
-4.77862  0.154375
-5.36153  2.06754
1.37937  -6.33247
0.796456  -4.4193
3.29254  -5.74956
2.70962  -3.83639
1.96228  -8.24564
2.54519  -10.1588
3.87545  -7.66273
4.45836  -9.5759
-0.5338  -6.91539
-1.11671  -5.00222
-2.44697  -7.4983
-3.02988  -5.58513
0.0491131  -8.82855
0.632026  -10.7417
-1.86406  -9.41147
-1.28114  -11.3246
6.86722  0.419847
7.45013  -1.49332
4.95405  -0.163066
5.53696  -2.07623
6.28431  2.33302
5.70139  4.24618
4.37114  1.7501
3.78823  3.66327
8.78039  1.00276
9.3633  -0.910408
10.6936  1.58567
11.2765  -0.327495
8.19748  2.91593
7.61456  4.8291
10.1106  3.49884
9.52773  5.41201
8.61596  -5.31966
8.03305  -3.40649
6.70279  -5.90257
6.11988  -3.9894
9.19887  -7.23283
9.78178  -9.14599
7.2857  -7.81574
7.86862  -9.72891
10.5291  -4.73674
9.94621  -2.82358
12.4423  -4.15383
11.8594  -2.24066
11.112  -6.64991
11.695  -8.56308
13.0252  -6.067
13.6081  -7.98017
1.12772  -1.32889
1.71063  -3.24206
3.04088  -0.745978
3.6238  -2.65915
0.544803  0.584277
-0.0381101  2.49745
2.45797  1.16719
1.87506  3.08036
-0.785453  -1.9118
-0.20254  -3.82497
-2.69862  -2.49472
-2.11571  -4.40788
-1.36837  0.00136429
-1.95128  1.91453
-3.28153  -0.581549
-3.86445  1.33162
2.87645  -7.0684
2.29354  -5.15523
4.78962  -6.48548
4.20671  -4.57231
3.45937  -8.98156
4.04228  -10.8947
5.37253  -8.39865
5.95545  -10.3118
0.963286  -7.65131
0.380373  -5.73814
-0.949883  -8.23422
-1.5328  -6.32105
1.5462  -9.56448
2.12911  -11.4776
-0.36697  -10.1474
0.215943  -12.0606
2.4012  -1.10248
2.98412  -3.01564
0.488035  -1.68539
1.07095  -3.59856
1.81829  0.810691
1.23538  2.72386
-0.0948782  0.227779
-0.677791  2.14095
4.31437  -0.519564
4.89728  -2.43273
6.22754  0.0633488
6.81045  -1.84982
3.73146  1.3936
3.14855  3.30677
5.64463  1.97652
5.06171  3.88969
4.14994  -6.84198
3.56703  -4.92881
2.23677  -7.42489
1.65386  -5.51173
4.73285  -8.75515
5.31577  -10.6683
2.81969  -9.33806
3.4026  -11.2512
6.06311  -6.25907
5.4802  -4.3459
7.97628  -5.67616
7.39336  -3.76299
6.64602  -8.17224
7.22894  -10.0854
8.55919  -7.58932
9.1421  -9.50249
-3.3383  -2.85122
-2.75539  -4.76438
-1.42513  -2.2683
-0.842221  -4.18147
-3.92121  -0.938047
-4.50413  0.975121
-2.00805  -0.355134
-2.59096  1.55803
-5.25147  -3.43413
-4.66856  -5.3473
-7.16464  -4.01704
-6.58173  -5.93021
-5.83438  -1.52096
-6.4173  0.392209
-7.74755  -2.10387
-8.33046  -0.190704
-1.58956  -8.59072
-2.17248  -6.67755
0.323605  -8.00781
-0.259308  -6.09464
-1.00665  -10.5039
-0.423738  -12.4171
0.906518  -9.92098
1.48943  -11.8341
-3.50273  -9.17363
-4.08564  -7.26046
-5.4159  -9.75655
-5.99881  -7.84338
-2.91982  -11.0868
-2.33691  -13
-4.83299  -11.6697
-4.25007  -13.5829
0.904118  -0.366553
1.48703  -2.27972
-1.00905  -0.949466
-0.426138  -2.86263
0.321205  1.54661
-0.261708  3.45978
-1.59196  0.963702
-2.17488  2.87687
2.81729  0.216359
3.4002  -1.69681
4.73045  0.799272
5.31337  -1.1139
2.23437  2.12953
1.65146  4.0427
4.14754  2.71244
3.56463  4.62561
2.65286  -6.10606
2.06994  -4.19289
0.739688  -6.68897
0.156775  -4.7758
3.23577  -8.01923
3.81868  -9.93239
1.3226  -8.60214
1.90551  -10.5153
4.56602  -5.52315
3.98311  -3.60998
6.47919  -4.94023
5.89628  -3.02706
5.14894  -7.43631
5.73185  -9.34948
7.06211  -6.8534
7.64502  -8.76657
-4.83539  -2.11529
-4.25247  -4.02846
-2.92222  -1.53238
-2.33931  -3.44555
-5.4183  -0.202124
-6.00121  1.71104
-3.50513  0.380789
-4.08804  2.29396
-6.74856  -2.6982
-6.16564  -4.61137
-8.66172  -3.28112
-8.07881  -5.19429
-7.33147  -0.785036
-7.91438  1.12813
-9.24464  -1.36795
-9.82755  0.545219
-3.08665  -7.8548
-3.66956  -5.94163
-1.17348  -7.27188
-1.75639  -5.35872
-2.50374  -9.76796
-1.92082  -11.6811
-0.590568  -9.18505
-0.00765498  -11.0982
-4.99982  -8.43771
-5.58273  -6.52454
-6.91299  -9.02062
-7.4959  -7.10745
-4.4169  -10.3509
-3.83399  -12.264
-6.33007  -10.9338
-5.74716  -12.847
1.66528  -2.59956
2.24819  -4.51273
-0.247889  -3.18247
0.335024  -5.09564
1.08237  -0.686394
0.499454  1.22677
-0.830802  -1.26931
-1.41371  0.643862
3.57845  -2.01665
4.16136  -3.92982
5.49162  -1.43374
6.07453  -3.3469
2.99553  -0.103481
2.41262  1.80969
4.9087  0.479432
4.32579  2.3926
3.41402  -8.33907
2.83111  -6.4259
1.50085  -8.92198
0.917937  -7.00881
3.99693  -10.2522
4.57984  -12.1654
2.08376  -10.8351
2.66668  -12.7483
5.32719  -7.75615
4.74427  -5.84299
7.24035  -7.17324
6.65744  -5.26007
5.9101  -9.66932
6.49301  -11.5825
7.82327  -9.08641
8.40618  -10.9996
-4.07423  -4.3483
-3.49131  -6.26147
-2.16106  -3.76539
-1.57814  -5.67856
-4.65714  -2.43513
-5.24005  -0.521964
-2.74397  -1.85222
-3.32688  0.0609488
-5.98739  -4.93121
-5.40448  -6.84438
-7.90056  -5.51413
-7.31765  -7.42729
-6.57031  -3.01805
-7.15322  -1.10488
-8.48347  -3.60096
-9.06639  -1.68779
-2.32549  -10.0878
-2.9084  -8.17464
-0.412319  -9.50489
-0.995231  -7.59172
-1.74257  -12.001
-1.15966  -13.9141
0.170594  -11.4181
0.753507  -13.3312
-4.23866  -10.6707
-4.82157  -8.75755
-6.15182  -11.2536
-6.73474  -9.34046
-3.65574  -12.5839
-3.07283  -14.4971
-5.56891  -13.1668
-4.986  -15.08
0.168194  -1.86364
0.751107  -3.77681
-1.74497  -2.44655
-1.16206  -4.35972
-0.414719  0.0495295
-0.997631  1.9627
-2.32789  -0.533383
-2.9108  1.37978
2.08136  -1.28073
2.66428  -3.19389
3.99453  -0.697813
4.57744  -2.61098
1.49845  0.632442
0.915537  2.54561
3.41162  1.21536
2.82871  3.12852
1.91693  -7.60314
1.33402  -5.68998
0.00376433  -8.18606
-0.579148  -6.27289
2.49985  -9.51631
3.08276  -11.4295
0.586677  -10.0992
1.16959  -12.0124
3.8301  -7.02023
3.24719  -5.10706
5.74327  -6.43732
5.16036  -4.52415
4.41301  -8.9334
4.99593  -10.8466
6.32618  -8.35049
6.90909  -10.2637
-5.57131  -3.61238
-4.9884  -5.52555
-3.65814  -3.02946
-3.07523  -4.94263
-6.15422  -1.69921
-6.73714  0.213959
-4.24106  -1.1163
-4.82397  0.796872
-7.48448  -4.19529
-6.90157  -6.10846
-9.39765  -4.7782
-8.81473  -6.69137
-8.06739  -2.28212
-8.6503  -0.368953
-9.98056  -2.86503
-10.5635  -0.951866
-3.82257  -9.35188
-4.40548  -7.43871
-1.9094  -8.76897
-2.49232  -6.8558
-3.23966  -11.2651
-2.65675  -13.1782
-1.32649  -10.6821
-0.743578  -12.5953
-5.73574  -9.93479
-6.31865  -8.02163
-7.64891  -10.5177
-8.23182  -8.60454
-5.15283  -11.848
-4.56991  -13.7611
-7.066  -12.4309
-6.48308  -14.344
3.89829  -1.8384
4.4812  -3.75157
1.98512  -2.42131
2.56803  -4.33448
3.31538  0.0747681
2.73246  1.98794
1.40221  -0.508145
0.819294  1.40502
5.81146  -1.25549
6.39437  -3.16866
7.72462  -0.672575
8.30754  -2.58574
5.22854  0.657681
4.64563  2.57085
7.14171  1.24059
6.5588  3.15376
5.64703  -7.5779
5.06411  -5.66474
3.73386  -8.16082
3.15095  -6.24765
6.22994  -9.49107
6.81285  -11.4042
4.31677  -10.074
4.89968  -11.9872
7.56019  -6.99499
6.97728  -5.08182
9.47336  -6.41208
8.89045  -4.49891
8.14311  -8.90816
8.72602  -10.8213
10.0563  -8.32525
10.6392  -10.2384
-1.84122  -3.58714
-1.2583  -5.50031
0.0719517  -3.00423
0.654864  -4.91739
-2.42413  -1.67397
-3.00704  0.239198
-0.510961  -1.09106
-1.09387  0.822111
-3.75438  -4.17005
-3.17147  -6.08322
-5.66755  -4.75296
-5.08464  -6.66613
-4.3373  -2.25688
-4.92021  -0.343715
-6.25047  -2.8398
-6.83338  -0.926628
-0.0924781  -9.32664
-0.675391  -7.41347
1.82069  -8.74373
1.23778  -6.83056
0.490435  -11.2398
1.07335  -13.153
2.4036  -10.6569
2.98652  -12.5701
-2.00565  -9.90956
-2.58856  -7.99639
-3.91881  -10.4925
-4.50173  -8.5793
-1.42273  -11.8227
-0.839821  -13.7359
-3.3359  -12.4056
-2.75299  -14.3188
5.39537  -2.57432
5.97829  -4.48749
3.48221  -3.15724
4.06512  -5.0704
4.81246  -0.661155
4.22955  1.25201
2.89929  -1.24407
2.31638  0.6691
7.30854  -1.99141
7.89145  -3.90458
9.22171  -1.4085
9.80462  -3.32167
6.72563  -0.0782424
6.14272  1.83493
8.6388  0.50467
8.05588  2.41784
7.14411  -8.31383
6.5612  -6.40066
5.23094  -8.89674
4.64803  -6.98357
7.72702  -10.227
8.30994  -12.1402
5.81386  -10.8099
6.39677  -12.7231
9.05728  -7.73092
8.47437  -5.81775
10.9704  -7.148
10.3875  -5.23483
9.64019  -9.64408
10.2231  -11.5573
11.5534  -9.06117
12.1363  -10.9743
-0.344131  -4.32306
0.238782  -6.23623
1.56904  -3.74015
2.15195  -5.65332
-0.927044  -2.40989
-1.50996  -0.496725
0.986124  -1.82698
0.403211  0.0861875
-2.2573  -4.90597
-1.67439  -6.81914
-4.17047  -5.48889
-3.58755  -7.40206
-2.84021  -2.99281
-3.42313  -1.07964
-4.75338  -3.57572
-5.33629  -1.66255
1.40461  -10.0626
0.821694  -8.1494
3.31778  -9.47965
2.73486  -7.56649
1.98752  -11.9757
2.57043  -13.8889
3.90069  -11.3928
4.4836  -13.306
-0.508561  -10.6455
-1.09147  -8.73231
-2.42173  -11.2284
-3.00464  -9.31522
0.0743517  -12.5586
0.657265  -14.4718
-1.83882  -13.1416
-1.2559  -15.0547
3.16236  -3.33549
3.74528  -5.24865
1.2492  -3.9184
1.83211  -5.83157
2.57945  -1.42232
1.99654  0.490851
0.666284  -2.00523
0.083371  -0.0920618
5.07553  -2.75257
5.65845  -4.66574
6.9887  -2.16966
7.57161  -4.08283
4.49262  -0.839404
3.90971  1.07376
6.40579  -0.256492
5.82288  1.65668
4.9111  -9.07499
4.32819  -7.16182
2.99793  -9.6579
2.41502  -7.74473
5.49402  -10.9882
6.07693  -12.9013
3.58085  -11.5711
4.16376  -13.4842
6.82427  -8.49208
6.24136  -6.57891
8.73744  -7.90916
8.15453  -5.996
7.40718  -10.4052
7.9901  -12.3184
9.32035  -9.82233
9.90327  -11.7355
-2.57714  -5.08422
-1.99423  -6.99739
-0.663972  -4.50131
-0.0810588  -6.41448
-3.16005  -3.17106
-3.74297  -1.25789
-1.24688  -2.58814
-1.8298  -0.674975
-4.49031  -5.66714
-3.9074  -7.5803
-6.40348  -6.25005
-5.82056  -8.16322
-5.07322  -3.75397
-5.65613  -1.8408
-6.98639  -4.33688
-7.5693  -2.42371
-0.828401  -10.8237
-1.41131  -8.91056
1.08477  -10.2408
0.501854  -8.32765
-0.245489  -12.7369
0.337424  -14.6501
1.66768  -12.154
2.25059  -14.0672
-2.74157  -11.4066
-3.32448  -9.49347
-4.65474  -11.9896
-5.23765  -10.0764
-2.15866  -13.3198
-1.57574  -15.233
-4.07183  -13.9027
-3.48891  -15.8159
4.65945  -4.07141
5.24236  -5.98458
2.74628  -4.65432
3.32919  -6.56749
4.07654  -2.15824
3.49362  -0.245072
2.16337  -2.74115
1.58046  -0.827985
6.57262  -3.4885
7.15553  -5.40166
8.48579  -2.90558
9.0687  -4.81875
5.98971  -1.57533
5.40679  0.337841
7.90287  -0.992415
7.31996  0.920753
6.40819  -9.81091
5.82528  -7.89775
4.49502  -10.3938
3.91211  -8.48066
6.9911  -11.7241
7.57401  -13.6372
5.07793  -12.307
5.66085  -14.2202
8.32136  -9.228
7.73844  -7.31483
10.2345  -8.64509
9.65161  -6.73192
8.90427  -11.1412
9.48718  -13.0543
10.8174  -10.5583
11.4004  -12.4714
-1.08005  -5.82015
-0.497142  -7.73332
0.833114  -5.23723
1.41603  -7.1504
-1.66297  -3.90698
-2.24588  -1.99381
0.250201  -3.32407
-0.332712  -1.4109
-2.99322  -6.40306
-2.41031  -8.31623
-4.90639  -6.98597
-4.32348  -8.89914
-3.57614  -4.48989
-4.15905  -2.57672
-5.4893  -5.0728
-6.07222  -3.15964
0.668684  -11.5597
0.0857711  -9.64648
2.58185  -10.9767
1.99894  -9.06357
1.2516  -13.4728
1.83451  -15.386
3.16476  -12.8899
3.74768  -14.8031
-1.24448  -12.1426
-1.8274  -10.2294
-3.15765  -12.7255
-3.74057  -10.8123
-0.661572  -14.0557
-0.0786588  -15.9689
-2.57474  -14.6386
-1.99183  -16.5518
-1.35413  2.60238
-0.771217  0.68921
-3.2673  2.01947
-2.68439  0.106298
-1.93704  4.51555
-2.51996  6.42871
-3.85021  3.93263
-4.43312  5.8458
0.559038  3.18529
1.14195  1.27212
2.47221  3.7682
3.05512  1.85504
-0.0238744  5.09846
-0.606787  7.01163
1.88929  5.68137
1.30638  7.59454
0.394609  -3.13713
-0.188304  -1.22396
-1.51856  -3.72004
-2.10147  -1.80687
0.977521  -5.05029
1.56043  -6.96346
-0.935647  -5.63321
-0.352734  -7.54638
2.30778  -2.55421
1.72486  -0.641045
4.22095  -1.9713
3.63803  -0.0581323
2.89069  -4.46738
3.4736  -6.38055
4.80386  -3.88447
5.38677  -5.79764
-7.09363  0.85364
-6.51072  -1.05953
-5.18047  1.43655
-4.59755  -0.476615
-7.67655  2.76681
-8.25946  4.67998
-5.76338  3.34972
-6.34629  5.26289
-9.0068  0.270727
-8.42389  -1.64244
-10.92  -0.312185
-10.3371  -2.22535
-9.58972  2.1839
-10.1726  4.09706
-11.5029  1.60098
-12.0858  3.51415
-5.3449  -4.88586
-5.92781  -2.9727
-3.43173  -4.30295
-4.01464  -2.38978
-4.76198  -6.79903
-4.17907  -8.7122
-2.84882  -6.21612
-2.2659  -8.12929
-7.25806  -5.46878
-7.84098  -3.55561
-9.17123  -6.05169
-9.75415  -4.13852
-6.67515  -7.38195
-6.09224  -9.29511
-8.58832  -7.96486
-8.00541  -9.87803
0.142956  1.86646
0.725868  -0.046713
-1.77021  1.28354
-1.1873  -0.629626
-0.439957  3.77962
-1.02287  5.69279
-2.35313  3.19671
-2.93604  5.10988
2.05612  2.44937
2.63904  0.5362
3.96929  3.03228
4.5522  1.11911
1.47321  4.36254
0.890298  6.2757
3.38638  4.94545
2.80347  6.85862
1.89169  -3.87305
1.30878  -1.95988
-0.0214743  -4.45596
-0.604387  -2.54279
2.47461  -5.78622
3.05752  -7.69939
0.561438  -6.36913
1.14435  -8.2823
3.80486  -3.29014
3.22195  -1.37697
5.71803  -2.70722
5.13512  -0.794056
4.38777  -5.2033
4.97069  -7.11647
6.30094  -4.62039
6.88386  -6.53356
-5.59655  0.117717
-5.01364  -1.79545
-3.68338  0.70063
-3.10047  -1.21254
-6.17946  2.03089
-6.76237  3.94405
-4.26629  2.6138
-4.84921  4.52697
-7.50972  -0.465196
-6.9268  -2.37836
-9.42289  -1.04811
-8.83997  -2.96128
-8.09263  1.44797
-8.67554  3.36114
-10.0058  0.865059
-10.5887  2.77823
-3.84781  -5.62179
-4.43072  -3.70862
-1.93464  -5.03888
-2.51756  -3.12571
-3.2649  -7.53496
-2.68199  -9.44812
-1.35173  -6.95204
-0.768817  -8.86521
-5.76098  -6.2047
-6.34389  -4.29153
-7.67415  -6.78761
-8.25706  -4.87445
-5.17807  -8.11787
-4.59515  -10.031
-7.09123  -8.70078
-6.50832  -10.6139
-0.618207  4.09946
-0.0352937  2.1863
-2.53137  3.51655
-1.94846  1.60338
-1.20112  6.01263
-1.78403  7.9258
-3.11429  5.42972
-3.6972  7.34289
1.29496  4.68238
1.87787  2.76921
3.20813  5.26529
3.79104  3.35212
0.712049  6.59554
0.129136  8.50871
2.62522  7.17846
2.0423  9.09163
1.13053  -1.64004
0.547619  0.273127
-0.782636  -2.22295
-1.36555  -0.309785
1.71344  -3.55321
2.29636  -5.46638
-0.199724  -4.13612
0.383189  -6.04929
3.0437  -1.05713
2.46079  0.85604
4.95687  -0.474215
4.37396  1.43895
3.62661  -2.9703
4.20953  -4.88346
5.53978  -2.38738
6.12269  -4.30055
-6.35771  2.35073
-5.7748  0.437557
-4.44454  2.93364
-3.86163  1.02047
-6.94062  4.26389
-7.52354  6.17706
-5.02746  4.84681
-5.61037  6.75997
-8.27088  1.76781
-7.68797  -0.145356
-10.184  1.1849
-9.60113  -0.728268
-8.85379  3.68098
-9.43671  5.59415
-10.767  3.09807
-11.3499  5.01124
-4.60897  -3.38878
-5.19189  -1.47561
-2.6958  -2.80587
-3.27872  -0.892698
-4.02606  -5.30195
-3.44315  -7.21512
-2.11289  -4.71903
-1.52998  -6.6322
-6.52214  -3.97169
-7.10505  -2.05852
-8.43531  -4.5546
-9.01822  -2.64144
-5.93923  -5.88486
-5.35632  -7.79803
-7.8524  -6.46777
-7.26948  -8.38094
0.878879  3.36354
1.46179  1.45037
-1.03429  2.78063
-0.451377  0.86746
0.295966  5.27671
-0.286947  7.18988
-1.6172  4.6938
-2.20011  6.60696
2.79205  3.94645
3.37496  2.03329
4.70522  4.52937
5.28813  2.6162
2.20913  5.85962
1.62622  7.77279
4.1223  6.44253
3.53939  8.3557
2.62762  -2.37596
2.0447  -0.462796
0.714449  -2.95888
0.131536  -1.04571
3.21053  -4.28913
3.79344  -6.2023
1.29736  -4.87205
1.88027  -6.78521
4.54079  -1.79305
3.95787  0.120117
6.45395  -1.21014
5.87104  0.70303
5.1237  -3.70622
5.70661  -5.61939
7.03687  -3.12331
7.61978  -5.03648
-4.86063  1.6148
-4.27771  -0.298366
-2.94746  2.19771
-2.36454  0.284547
-5.44354  3.52797
-6.02645  5.44114
-3.53037  4.11088
-4.11328  6.02405
-6.77379  1.03189
-6.19088  -0.881279
-8.68696  0.448977
-8.10405  -1.46419
-7.35671  2.94506
-7.93962  4.85823
-9.26988  2.36214
-9.85279  4.27531
-3.11189  -4.1247
-3.6948  -2.21153
-1.19872  -3.54179
-1.78163  -1.62862
-2.52897  -6.03787
-1.94606  -7.95104
-0.615806  -5.45496
-0.0328937  -7.36813
-5.02506  -4.70762
-5.60797  -2.79445
-6.93822  -5.29053
-7.52114  -3.37736
-4.44214  -6.62078
-3.85923  -8.53395
-6.35531  -7.2037
-5.7724  -9.11686
-2.85122  3.3383
-2.2683  1.42513
-4.76438  2.75539
-4.18147  0.842221
-3.43413  5.25147
-4.01704  7.16464
-5.3473  4.66856
-5.93021  6.58173
-0.938047  3.92121
-0.355134  2.00805
0.975121  4.50413
1.55803  2.59096
-1.52096  5.83438
-2.10387  7.74755
0.392209  6.4173
-0.190704  8.33046
-1.10248  -2.4012
-1.68539  -0.488035
-3.01564  -2.98412
-3.59856  -1.07095
-0.519564  -4.31437
0.0633488  -6.22754
-2.43273  -4.89728
-1.84982  -6.81045
0.810691  -1.81829
0.227779  0.0948782
2.72386  -1.23538
2.14095  0.677791
1.3936  -3.73146
1.97652  -5.64463
3.30677  -3.14855
3.88969  -5.06171
-8.59072  1.58956
-8.00781  -0.323605
-6.67755  2.17248
-6.09464  0.259308
-9.17363  3.50273
-9.75655  5.4159
-7.26046  4.08564
-7.84338  5.99881
-10.5039  1.00665
-9.92098  -0.906518
-12.4171  0.423738
-11.8341  -1.48943
-11.0868  2.91982
-11.6697  4.83299
-13  2.33691
-13.5829  4.25007
-6.84198  -4.14994
-7.42489  -2.23677
-4.92881  -3.56703
-5.51173  -1.65386
-6.25907  -6.06311
-5.67616  -7.97628
-4.3459  -5.4802
-3.76299  -7.39336
-8.75515  -4.73285
-9.33806  -2.81969
-10.6683  -5.31577
-11.2512  -3.4026
-8.17224  -6.64602
-7.58932  -8.55919
-10.0854  -7.22894
-9.50249  -9.1421
-4.3483  4.07423
-3.76539  2.16106
-6.26147  3.49131
-5.67856  1.57814
-4.93121  5.98739
-5.51413  7.90056
-6.84438  5.40448
-7.42729  7.31765
-2.43513  4.65714
-1.85222  2.74397
-0.521964  5.24005
0.0609488  3.32688
-3.01805  6.57031
-3.60096  8.48347
-1.10488  7.15322
-1.68779  9.06639
-2.59956  -1.66528
-3.18247  0.247889
-4.51273  -2.24819
-5.09564  -0.335024
-2.01665  -3.57845
-1.43374  -5.49162
-3.92982  -4.16136
-3.3469  -6.07453
-0.686394  -1.08237
-1.26931  0.830802
1.22677  -0.499454
0.643862  1.41371
-0.103481  -2.99553
0.479432  -4.9087
1.80969  -2.41262
2.3926  -4.32579
-10.0878  2.32549
-9.50489  0.412319
-8.17464  2.9084
-7.59172  0.995231
-10.6707  4.23866
-11.2536  6.15182
-8.75755  4.82157
-9.34046  6.73474
-12.001  1.74257
-11.4181  -0.170594
-13.9141  1.15966
-13.3312  -0.753507
-12.5839  3.65574
-13.1668  5.56891
-14.4971  3.07283
-15.08  4.986
-8.33907  -3.41402
-8.92198  -1.50085
-6.4259  -2.83111
-7.00881  -0.917937
-7.75615  -5.32719
-7.17324  -7.24035
-5.84299  -4.74427
-5.26007  -6.65744
-10.2522  -3.99693
-10.8351  -2.08376
-12.1654  -4.57984
-12.7483  -2.66668
-9.66932  -5.9101
-9.08641  -7.82327
-11.5825  -6.49301
-10.9996  -8.40618
-2.11529  4.83539
-1.53238  2.92222
-4.02846  4.25247
-3.44555  2.33931
-2.6982  6.74856
-3.28112  8.66172
-4.61137  6.16564
-5.19429  8.07881
-0.202124  5.4183
0.380789  3.50513
1.71104  6.00121
2.29396  4.08804
-0.785036  7.33147
-1.36795  9.24464
1.12813  7.91438
0.545219  9.82755
-0.366553  -0.904118
-0.949466  1.00905
-2.27972  -1.48703
-2.86263  0.426138
0.216359  -2.81729
0.799272  -4.73045
-1.69681  -3.4002
-1.1139  -5.31337
1.54661  -0.321205
0.963702  1.59196
3.45978  0.261708
2.87687  2.17488
2.12953  -2.23437
2.71244  -4.14754
4.0427  -1.65146
4.62561  -3.56463
-7.8548  3.08665
-7.27188  1.17348
-5.94163  3.66956
-5.35872  1.75639
-8.43771  4.99982
-9.02062  6.91299
-6.52454  5.58273
-7.10745  7.4959
-9.76796  2.50374
-9.18505  0.590568
-11.6811  1.92082
-11.0982  0.00765498
-10.3509  4.4169
-10.9338  6.33007
-12.264  3.83399
-12.847  5.74716
-6.10606  -2.65286
-6.68897  -0.739688
-4.19289  -2.06994
-4.7758  -0.156775
-5.52315  -4.56602
-4.94023  -6.47919
-3.60998  -3.98311
-3.02706  -5.89628
-8.01923  -3.23577
-8.60214  -1.3226
-9.93239  -3.81868
-10.5153  -1.90551
-7.43631  -5.14894
-6.8534  -7.06211
-9.34948  -5.73185
-8.76657  -7.64502
-3.61238  5.57131
-3.02946  3.65814
-5.52555  4.9884
-4.94263  3.07523
-4.19529  7.48448
-4.7782  9.39765
-6.10846  6.90157
-6.69137  8.81473
-1.69921  6.15422
-1.1163  4.24106
0.213959  6.73714
0.796872  4.82397
-2.28212  8.06739
-2.86503  9.98056
-0.368953  8.6503
-0.951866  10.5635
-1.86364  -0.168194
-2.44655  1.74497
-3.77681  -0.751107
-4.35972  1.16206
-1.28073  -2.08136
-0.697813  -3.99453
-3.19389  -2.66428
-2.61098  -4.57744
0.0495295  0.414719
-0.533383  2.32789
1.9627  0.997631
1.37978  2.9108
0.632442  -1.49845
1.21536  -3.41162
2.54561  -0.915537
3.12852  -2.82871
-9.35188  3.82257
-8.76897  1.9094
-7.43871  4.40548
-6.8558  2.49232
-9.93479  5.73574
-10.5177  7.64891
-8.02163  6.31865
-8.60454  8.23182
-11.2651  3.23966
-10.6821  1.32649
-13.1782  2.65675
-12.5953  0.743578
-11.848  5.15283
-12.4309  7.066
-13.7611  4.56991
-14.344  6.48308
-7.60314  -1.91693
-8.18606  -0.00376433
-5.68998  -1.33402
-6.27289  0.579148
-7.02023  -3.8301
-6.43732  -5.74327
-5.10706  -3.24719
-4.52415  -5.16036
-9.51631  -2.49985
-10.0992  -0.586677
-11.4295  -3.08276
-12.0124  -1.16959
-8.9334  -4.41301
-8.35049  -6.32618
-10.8466  -4.99593
-10.2637  -6.90909
-2.09005  1.10529
-1.50714  -0.807875
-4.00322  0.52238
-3.42031  -1.39079
-2.67297  3.01846
-3.25588  4.93163
-4.58613  2.43555
-5.16905  4.34872
-0.176885  1.68821
0.406028  -0.224962
1.73628  2.27112
2.3192  0.357951
-0.759798  3.60137
-1.34271  5.51454
1.15337  4.18429
0.570458  6.09746
-0.341315  -4.63421
-0.924228  -2.72104
-2.25448  -5.21712
-2.8374  -3.30396
0.241598  -6.54738
0.824511  -8.46055
-1.67157  -7.13029
-1.08866  -9.04346
1.57185  -4.0513
0.988941  -2.13813
3.48502  -3.46839
2.90211  -1.55522
2.15477  -5.96447
2.73768  -7.87764
4.06793  -5.38155
4.65085  -7.29472
-7.82956  -0.643445
-7.24665  -2.55661
-5.91639  -0.0605324
-5.33348  -1.9737
-8.41247  1.26972
-8.99538  3.18289
-6.4993  1.85264
-7.08222  3.7658
-9.74273  -1.22636
-9.15981  -3.13953
-11.6559  -1.80927
-11.073  -3.72244
-10.3256  0.68681
-10.9086  2.59998
-12.2388  0.103897
-12.8217  2.01707
-6.08082  -6.38295
-6.66373  -4.46978
-4.16765  -5.80004
-4.75056  -3.88687
-5.49791  -8.29612
-4.91499  -10.2093
-3.58474  -7.71321
-3.00183  -9.62637
-7.99399  -6.96586
-8.5769  -5.05269
-9.90716  -7.54878
-10.4901  -5.63561
-7.41107  -8.87903
-6.82816  -10.7922
-9.32424  -9.46194
-8.74133  -11.3751
-0.592968  0.36937
-0.010055  -1.5438
-2.50614  -0.213543
-1.92322  -2.12671
-1.17588  2.28254
-1.75879  4.19571
-3.08905  1.69963
-3.67196  3.61279
1.3202  0.952283
1.90311  -0.960886
3.23337  1.5352
3.81628  -0.377973
0.737288  2.86545
0.154375  4.77862
2.65046  3.44836
2.06754  5.36153
1.15577  -5.37013
0.572858  -3.45697
-0.757398  -5.95305
-1.34031  -4.03988
1.73868  -7.2833
2.3216  -9.19647
-0.174485  -7.86622
0.408428  -9.77938
3.06894  -4.78722
2.48603  -2.87405
4.98211  -4.20431
4.39919  -2.29114
3.65185  -6.70039
4.23476  -8.61356
5.56502  -6.11748
6.14793  -8.03065
-6.33247  -1.37937
-5.74956  -3.29254
-4.4193  -0.796456
-3.83639  -2.70962
-6.91539  0.5338
-7.4983  2.44697
-5.00222  1.11671
-5.58513  3.02988
-8.24564  -1.96228
-7.66273  -3.87545
-10.1588  -2.54519
-9.5759  -4.45836
-8.82855  -0.0491131
-9.41147  1.86406
-10.7417  -0.632026
-11.3246  1.28114
-4.58373  -7.11887
-5.16665  -5.2057
-2.67057  -6.53596
-3.25348  -4.62279
-4.00082  -9.03204
-3.41791  -10.9452
-2.08765  -8.44913
-1.50474  -10.3623
-6.4969  -7.70179
-7.07982  -5.78862
-8.41007  -8.2847
-8.99298  -6.37153
-5.91399  -9.61495
-5.33108  -11.5281
-7.82716  -10.1979
-7.24424  -12.111
-2.82598  -0.391792
-2.24306  -2.30496
-4.73914  -0.974705
-4.15623  -2.88787
-3.40889  1.52138
-3.9918  3.43454
-5.32206  0.938463
-5.90497  2.85163
-0.912808  0.191121
-0.329895  -1.72205
1.00036  0.774033
1.58327  -1.13913
-1.49572  2.10429
-2.07863  4.01746
0.417447  2.6872
-0.165466  4.60037
-1.07724  -6.1313
-1.66015  -4.21813
-2.99041  -6.71421
-3.57332  -4.80104
-0.494325  -8.04447
0.0885875  -9.95763
-2.40749  -8.62738
-1.82458  -10.5405
0.83593  -5.54838
0.253017  -3.63522
2.7491  -4.96547
2.16619  -3.0523
1.41884  -7.46155
2.00176  -9.37472
3.33201  -6.87864
3.91492  -8.79181
-8.56548  -2.14053
-7.98257  -4.0537
-6.65231  -1.55762
-6.0694  -3.47079
-9.14839  -0.227362
-9.73131  1.68581
-7.23523  0.355551
-7.81814  2.26872
-10.4786  -2.72344
-9.89574  -4.63661
-12.3918  -3.30636
-11.8089  -5.21952
-11.0616  -0.810275
-11.6445  1.10289
-12.9747  -1.39319
-13.5576  0.51998
-6.81674  -7.88004
-7.39966  -5.96687
-4.90357  -7.29712
-5.48649  -5.38395
-6.23383  -9.7932
-5.65092  -11.7064
-4.32066  -9.21029
-3.73775  -11.1235
-8.72991  -8.46295
-9.31282  -6.54978
-10.6431  -9.04586
-11.226  -7.13269
-8.147  -10.3761
-7.56409  -12.2893
-10.0602  -10.959
-9.47725  -12.8722
-1.32889  -1.12772
-0.745978  -3.04088
-3.24206  -1.71063
-2.65915  -3.6238
-1.9118  0.785453
-2.49472  2.69862
-3.82497  0.20254
-4.40788  2.11571
0.584277  -0.544803
1.16719  -2.45797
2.49745  0.0381101
3.08036  -1.87506
0.00136429  1.36837
-0.581549  3.28153
1.91453  1.95128
1.33162  3.86445
0.419847  -6.86722
-0.163066  -4.95405
-1.49332  -7.45013
-2.07623  -5.53696
1.00276  -8.78039
1.58567  -10.6936
-0.910408  -9.3633
-0.327495  -11.2765
2.33302  -6.28431
1.7501  -4.37114
4.24618  -5.70139
3.66327  -3.78823
2.91593  -8.19748
3.49884  -10.1106
4.8291  -7.61456
5.41201  -9.52773
-7.0684  -2.87645
-6.48548  -4.78962
-5.15523  -2.29354
-4.57231  -4.20671
-7.65131  -0.963286
-8.23422  0.949883
-5.73814  -0.380373
-6.32105  1.5328
-8.98156  -3.45937
-8.39865  -5.37253
-10.8947  -4.04228
-10.3118  -5.95545
-9.56448  -1.5462
-10.1474  0.36697
-11.4776  -2.12911
-12.0606  -0.215943
-5.31966  -8.61596
-5.90257  -6.70279
-3.40649  -8.03305
-3.9894  -6.11988
-4.73674  -10.5291
-4.15383  -12.4423
-2.82358  -9.94621
-2.24066  -11.8594
-7.23283  -9.19887
-7.81574  -7.2857
-9.14599  -9.78178
-9.72891  -7.86862
-6.64991  -11.112
-6.067  -13.0252
-8.56308  -11.695
-7.98017  -13.6081
-3.58714  1.84122
-3.00423  -0.0719517
-5.50031  1.2583
-4.91739  -0.654864
-4.17005  3.75438
-4.75296  5.66755
-6.08322  3.17147
-6.66613  5.08464
-1.67397  2.42413
-1.09106  0.510961
0.239198  3.00704
0.822111  1.09387
-2.25688  4.3373
-2.8398  6.25047
-0.343715  4.92021
-0.926628  6.83338
-1.8384  -3.89829
-2.42131  -1.98512
-3.75157  -4.4812
-4.33448  -2.56803
-1.25549  -5.81146
-0.672575  -7.72462
-3.16866  -6.39437
-2.58574  -8.30754
0.0747681  -3.31538
-0.508145  -1.40221
1.98794  -2.73246
1.40502  -0.819294
0.657681  -5.22854
1.24059  -7.14171
2.57085  -4.64563
3.15376  -6.5588
-9.32664  0.0924781
-8.74373  -1.82069
-7.41347  0.675391
-6.83056  -1.23778
-9.90956  2.00565
-10.4925  3.91881
-7.99639  2.58856
-8.5793  4.50173
-11.2398  -0.490435
-10.6569  -2.4036
-13.153  -1.07335
-12.5701  -2.98652
-11.8227  1.42273
-12.4056  3.3359
-13.7359  0.839821
-14.3188  2.75299
-7.5779  -5.64703
-8.16082  -3.73386
-5.66474  -5.06411
-6.24765  -3.15095
-6.99499  -7.56019
-6.41208  -9.47336
-5.08182  -6.97728
-4.49891  -8.89045
-9.49107  -6.22994
-10.074  -4.31677
-11.4042  -6.81285
-11.9872  -4.89968
-8.90816  -8.14311
-8.32525  -10.0563
-10.8213  -8.72602
-10.2384  -10.6392
-5.08422  2.57714
-4.50131  0.663972
-6.99739  1.99423
-6.41448  0.0810588
-5.66714  4.49031
-6.25005  6.40348
-7.5803  3.9074
-8.16322  5.82056
-3.17106  3.16005
-2.58814  1.24688
-1.25789  3.74297
-0.674975  1.8298
-3.75397  5.07322
-4.33688  6.98639
-1.8408  5.65613
-2.42371  7.5693
-3.33549  -3.16236
-3.9184  -1.2492
-5.24865  -3.74528
-5.83157  -1.83211
-2.75257  -5.07553
-2.16966  -6.9887
-4.66574  -5.65845
-4.08283  -7.57161
-1.42232  -2.57945
-2.00523  -0.666284
0.490851  -1.99654
-0.0920618  -0.083371
-0.839404  -4.49262
-0.256492  -6.40579
1.07376  -3.90971
1.65668  -5.82288
-10.8237  0.828401
-10.2408  -1.08477
-8.91056  1.41131
-8.32765  -0.501854
-11.4066  2.74157
-11.9896  4.65474
-9.49347  3.32448
-10.0764  5.23765
-12.7369  0.245489
-12.154  -1.66768
-14.6501  -0.337424
-14.0672  -2.25059
-13.3198  2.15866
-13.9027  4.07183
-15.233  1.57574
-15.8159  3.48891
-9.07499  -4.9111
-9.6579  -2.99793
-7.16182  -4.32819
-7.74473  -2.41502
-8.49208  -6.82427
-7.90916  -8.73744
-6.57891  -6.24136
-5.996  -8.15453
-10.9882  -5.49402
-11.5711  -3.58085
-12.9013  -6.07693
-13.4842  -4.16376
-10.4052  -7.40718
-9.82233  -9.32035
-12.3184  -7.9901
-11.7355  -9.90327
-4.32306  0.344131
-3.74015  -1.56904
-6.23623  -0.238782
-5.65332  -2.15195
-4.90597  2.2573
-5.48889  4.17047
-6.81914  1.67439
-7.40206  3.58755
-2.40989  0.927044
-1.82698  -0.986124
-0.496725  1.50996
0.0861875  -0.403211
-2.99281  2.84021
-3.57572  4.75338
-1.07964  3.42313
-1.66255  5.33629
-2.57432  -5.39537
-3.15724  -3.48221
-4.48749  -5.97829
-5.0704  -4.06512
-1.99141  -7.30854
-1.4085  -9.22171
-3.90458  -7.89145
-3.32167  -9.80462
-0.661155  -4.81246
-1.24407  -2.89929
1.25201  -4.22955
0.6691  -2.31638
-0.0782424  -6.72563
0.50467  -8.6388
1.83493  -6.14272
2.41784  -8.05588
-10.0626  -1.40461
-9.47965  -3.31778
-8.1494  -0.821694
-7.56649  -2.73486
-10.6455  0.508561
-11.2284  2.42173
-8.73231  1.09147
-9.31522  3.00464
-11.9757  -1.98752
-11.3928  -3.90069
-13.8889  -2.57043
-13.306  -4.4836
-12.5586  -0.0743517
-13.1416  1.83882
-14.4718  -0.657265
-15.0547  1.2559
-8.31383  -7.14411
-8.89674  -5.23094
-6.40066  -6.5612
-6.98357  -4.64803
-7.73092  -9.05728
-7.148  -10.9704
-5.81775  -8.47437
-5.23483  -10.3875
-10.227  -7.72702
-10.8099  -5.81386
-12.1402  -8.30994
-12.7231  -6.39677
-9.64408  -9.64019
-9.06117  -11.5534
-11.5573  -10.2231
-10.9743  -12.1363
-5.82015  1.08005
-5.23723  -0.833114
-7.73332  0.497142
-7.1504  -1.41603
-6.40306  2.99322
-6.98597  4.90639
-8.31623  2.41031
-8.89914  4.32348
-3.90698  1.66297
-3.32407  -0.250201
-1.99381  2.24588
-1.4109  0.332712
-4.48989  3.57614
-5.0728  5.4893
-2.57672  4.15905
-3.15964  6.07222
-4.07141  -4.65945
-4.65432  -2.74628
-5.98458  -5.24236
-6.56749  -3.32919
-3.4885  -6.57262
-2.90558  -8.48579
-5.40166  -7.15553
-4.81875  -9.0687
-2.15824  -4.07654
-2.74115  -2.16337
-0.245072  -3.49362
-0.827985  -1.58046
-1.57533  -5.98971
-0.992415  -7.90287
0.337841  -5.40679
0.920753  -7.31996
-11.5597  -0.668684
-10.9767  -2.58185
-9.64648  -0.0857711
-9.06357  -1.99894
-12.1426  1.24448
-12.7255  3.15765
-10.2294  1.8274
-10.8123  3.74057
-13.4728  -1.2516
-12.8899  -3.16476
-15.386  -1.83451
-14.8031  -3.74768
-14.0557  0.661572
-14.6386  2.57474
-15.9689  0.0786588
-16.5518  1.99183
-9.81091  -6.40819
-10.3938  -4.49502
-7.89775  -5.82528
-8.48066  -3.91211
-9.228  -8.32136
-8.64509  -10.2345
-7.31483  -7.73844
-6.73192  -9.65161
-11.7241  -6.9911
-12.307  -5.07793
-13.6372  -7.57401
-14.2202  -5.66085
-11.1412  -8.90427
-10.5583  -10.8174
-13.0543  -9.48718
-12.4714  -11.4004
5.3449  4.88586
5.92781  2.9727
3.43173  4.30295
4.01464  2.38978
4.76198  6.79903
4.17907  8.7122
2.84882  6.21612
2.2659  8.12929
7.25806  5.46878
7.84098  3.55561
9.17123  6.05169
9.75415  4.13852
6.67515  7.38195
6.09224  9.29511
8.58832  7.96486
8.00541  9.87803
7.09363  -0.85364
6.51072  1.05953
5.18047  -1.43655
4.59755  0.476615
7.67655  -2.76681
8.25946  -4.67998
5.76338  -3.34972
6.34629  -5.26289
9.0068  -0.270727
8.42389  1.64244
10.92  0.312185
10.3371  2.22535
9.58972  -2.1839
10.1726  -4.09706
11.5029  -1.60098
12.0858  -3.51415
-0.394609  3.13713
0.188304  1.22396
1.51856  3.72004
2.10147  1.80687
-0.977521  5.05029
-1.56043  6.96346
0.935647  5.63321
0.352734  7.54638
-2.30778  2.55421
-1.72486  0.641045
-4.22095  1.9713
-3.63803  0.0581323
-2.89069  4.46738
-3.4736  6.38055
-4.80386  3.88447
-5.38677  5.79764
1.35413  -2.60238
0.771217  -0.68921
3.2673  -2.01947
2.68439  -0.106298
1.93704  -4.51555
2.51996  -6.42871
3.85021  -3.93263
4.43312  -5.8458
-0.559038  -3.18529
-1.14195  -1.27212
-2.47221  -3.7682
-3.05512  -1.85504
0.0238744  -5.09846
0.606787  -7.01163
-1.88929  -5.68137
-1.30638  -7.59454
3.84781  5.62179
4.43072  3.70862
1.93464  5.03888
2.51756  3.12571
3.2649  7.53496
2.68199  9.44812
1.35173  6.95204
0.768817  8.86521
5.76098  6.2047
6.34389  4.29153
7.67415  6.78761
8.25706  4.87445
5.17807  8.11787
4.59515  10.031
7.09123  8.70078
6.50832  10.6139
5.59655  -0.117717
5.01364  1.79545
3.68338  -0.70063
3.10047  1.21254
6.17946  -2.03089
6.76237  -3.94405
4.26629  -2.6138
4.84921  -4.52697
7.50972  0.465196
6.9268  2.37836
9.42289  1.04811
8.83997  2.96128
8.09263  -1.44797
8.67554  -3.36114
10.0058  -0.865059
10.5887  -2.77823
-1.89169  3.87305
-1.30878  1.95988
0.0214743  4.45596
0.604387  2.54279
-2.47461  5.78622
-3.05752  7.69939
-0.561438  6.36913
-1.14435  8.2823
-3.80486  3.29014
-3.22195  1.37697
-5.71803  2.70722
-5.13512  0.794056
-4.38777  5.2033
-4.97069  7.11647
-6.30094  4.62039
-6.88386  6.53356
-0.142956  -1.86646
-0.725868  0.046713
1.77021  -1.28354
1.1873  0.629626
0.439957  -3.77962
1.02287  -5.69279
2.35313  -3.19671
2.93604  -5.10988
-2.05612  -2.44937
-2.63904  -0.5362
-3.96929  -3.03228
-4.5522  -1.11911
-1.47321  -4.36254
-0.890298  -6.2757
-3.38638  -4.94545
-2.80347  -6.85862
4.60897  3.38878
5.19189  1.47561
2.6958  2.80587
3.27872  0.892698
4.02606  5.30195
3.44315  7.21512
2.11289  4.71903
1.52998  6.6322
6.52214  3.97169
7.10505  2.05852
8.43531  4.5546
9.01822  2.64144
5.93923  5.88486
5.35632  7.79803
7.8524  6.46777
7.26948  8.38094
6.35771  -2.35073
5.7748  -0.437557
4.44454  -2.93364
3.86163  -1.02047
6.94062  -4.26389
7.52354  -6.17706
5.02746  -4.84681
5.61037  -6.75997
8.27088  -1.76781
7.68797  0.145356
10.184  -1.1849
9.60113  0.728268
8.85379  -3.68098
9.43671  -5.59415
10.767  -3.09807
11.3499  -5.01124
-1.13053  1.64004
-0.547619  -0.273127
0.782636  2.22295
1.36555  0.309785
-1.71344  3.55321
-2.29636  5.46638
0.199724  4.13612
-0.383189  6.04929
-3.0437  1.05713
-2.46079  -0.85604
-4.95687  0.474215
-4.37396  -1.43895
-3.62661  2.9703
-4.20953  4.88346
-5.53978  2.38738
-6.12269  4.30055
0.618207  -4.09946
0.0352937  -2.1863
2.53137  -3.51655
1.94846  -1.60338
1.20112  -6.01263
1.78403  -7.9258
3.11429  -5.42972
3.6972  -7.34289
-1.29496  -4.68238
-1.87787  -2.76921
-3.20813  -5.26529
-3.79104  -3.35212
-0.712049  -6.59554
-0.129136  -8.50871
-2.62522  -7.17846
-2.0423  -9.09163
3.11189  4.1247
3.6948  2.21153
1.19872  3.54179
1.78163  1.62862
2.52897  6.03787
1.94606  7.95104
0.615806  5.45496
0.0328937  7.36813
5.02506  4.70762
5.60797  2.79445
6.93822  5.29053
7.52114  3.37736
4.44214  6.62078
3.85923  8.53395
6.35531  7.2037
5.7724  9.11686
4.86063  -1.6148
4.27771  0.298366
2.94746  -2.19771
2.36454  -0.284547
5.44354  -3.52797
6.02645  -5.44114
3.53037  -4.11088
4.11328  -6.02405
6.77379  -1.03189
6.19088  0.881279
8.68696  -0.448977
8.10405  1.46419
7.35671  -2.94506
7.93962  -4.85823
9.26988  -2.36214
9.85279  -4.27531
-2.62762  2.37596
-2.0447  0.462796
-0.714449  2.95888
-0.131536  1.04571
-3.21053  4.28913
-3.79344  6.2023
-1.29736  4.87205
-1.88027  6.78521
-4.54079  1.79305
-3.95787  -0.120117
-6.45395  1.21014
-5.87104  -0.70303
-5.1237  3.70622
-5.70661  5.61939
-7.03687  3.12331
-7.61978  5.03648
-0.878879  -3.36354
-1.46179  -1.45037
1.03429  -2.78063
0.451377  -0.86746
-0.295966  -5.27671
0.286947  -7.18988
1.6172  -4.6938
2.20011  -6.60696
-2.79205  -3.94645
-3.37496  -2.03329
-4.70522  -4.52937
-5.28813  -2.6162
-2.20913  -5.85962
-1.62622  -7.77279
-4.1223  -6.44253
-3.53939  -8.3557
6.84198  4.14994
7.42489  2.23677
4.92881  3.56703
5.51173  1.65386
6.25907  6.06311
5.67616  7.97628
4.3459  5.4802
3.76299  7.39336
8.75515  4.73285
9.33806  2.81969
10.6683  5.31577
11.2512  3.4026
8.17224  6.64602
7.58932  8.55919
10.0854  7.22894
9.50249  9.1421
8.59072  -1.58956
8.00781  0.323605
6.67755  -2.17248
6.09464  -0.259308
9.17363  -3.50273
9.75655  -5.4159
7.26046  -4.08564
7.84338  -5.99881
10.5039  -1.00665
9.92098  0.906518
12.4171  -0.423738
11.8341  1.48943
11.0868  -2.91982
11.6697  -4.83299
13  -2.33691
13.5829  -4.25007
1.10248  2.4012
1.68539  0.488035
3.01564  2.98412
3.59856  1.07095
0.519564  4.31437
-0.0633488  6.22754
2.43273  4.89728
1.84982  6.81045
-0.810691  1.81829
-0.227779  -0.0948782
-2.72386  1.23538
-2.14095  -0.677791
-1.3936  3.73146
-1.97652  5.64463
-3.30677  3.14855
-3.88969  5.06171
2.85122  -3.3383
2.2683  -1.42513
4.76438  -2.75539
4.18147  -0.842221
3.43413  -5.25147
4.01704  -7.16464
5.3473  -4.66856
5.93021  -6.58173
0.938047  -3.92121
0.355134  -2.00805
-0.975121  -4.50413
-1.55803  -2.59096
1.52096  -5.83438
2.10387  -7.74755
-0.392209  -6.4173
0.190704  -8.33046
8.33907  3.41402
8.92198  1.50085
6.4259  2.83111
7.00881  0.917937
7.75615  5.32719
7.17324  7.24035
5.84299  4.74427
5.26007  6.65744
10.2522  3.99693
10.8351  2.08376
12.1654  4.57984
12.7483  2.66668
9.66932  5.9101
9.08641  7.82327
11.5825  6.49301
10.9996  8.40618
10.0878  -2.32549
9.50489  -0.412319
8.17464  -2.9084
7.59172  -0.995231
10.6707  -4.23866
11.2536  -6.15182
8.75755  -4.82157
9.34046  -6.73474
12.001  -1.74257
11.4181  0.170594
13.9141  -1.15966
13.3312  0.753507
12.5839  -3.65574
13.1668  -5.56891
14.4971  -3.07283
15.08  -4.986
2.59956  1.66528
3.18247  -0.247889
4.51273  2.24819
5.09564  0.335024
2.01665  3.57845
1.43374  5.49162
3.92982  4.16136
3.3469  6.07453
0.686394  1.08237
1.26931  -0.830802
-1.22677  0.499454
-0.643862  -1.41371
0.103481  2.99553
-0.479432  4.9087
-1.80969  2.41262
-2.3926  4.32579
4.3483  -4.07423
3.76539  -2.16106
6.26147  -3.49131
5.67856  -1.57814
4.93121  -5.98739
5.51413  -7.90056
6.84438  -5.40448
7.42729  -7.31765
2.43513  -4.65714
1.85222  -2.74397
0.521964  -5.24005
-0.0609488  -3.32688
3.01805  -6.57031
3.60096  -8.48347
1.10488  -7.15322
1.68779  -9.06639
6.10606  2.65286
6.68897  0.739688
4.19289  2.06994
4.7758  0.156775
5.52315  4.56602
4.94023  6.47919
3.60998  3.98311
3.02706  5.89628
8.01923  3.23577
8.60214  1.3226
9.93239  3.81868
10.5153  1.90551
7.43631  5.14894
6.8534  7.06211
9.34948  5.73185
8.76657  7.64502
7.8548  -3.08665
7.27188  -1.17348
5.94163  -3.66956
5.35872  -1.75639
8.43771  -4.99982
9.02062  -6.91299
6.52454  -5.58273
7.10745  -7.4959
9.76796  -2.50374
9.18505  -0.590568
11.6811  -1.92082
11.0982  -0.00765498
10.3509  -4.4169
10.9338  -6.33007
12.264  -3.83399
12.847  -5.74716
0.366553  0.904118
0.949466  -1.00905
2.27972  1.48703
2.86263  -0.426138
-0.216359  2.81729
-0.799272  4.73045
1.69681  3.4002
1.1139  5.31337
-1.54661  0.321205
-0.963702  -1.59196
-3.45978  -0.261708
-2.87687  -2.17488
-2.12953  2.23437
-2.71244  4.14754
-4.0427  1.65146
-4.62561  3.56463
2.11529  -4.83539
1.53238  -2.92222
4.02846  -4.25247
3.44555  -2.33931
2.6982  -6.74856
3.28112  -8.66172
4.61137  -6.16564
5.19429  -8.07881
0.202124  -5.4183
-0.380789  -3.50513
-1.71104  -6.00121
-2.29396  -4.08804
0.785036  -7.33147
1.36795  -9.24464
-1.12813  -7.91438
-0.545219  -9.82755
7.60314  1.91693
8.18606  0.00376433
5.68998  1.33402
6.27289  -0.579148
7.02023  3.8301
6.43732  5.74327
5.10706  3.24719
4.52415  5.16036
9.51631  2.49985
10.0992  0.586677
11.4295  3.08276
12.0124  1.16959
8.9334  4.41301
8.35049  6.32618
10.8466  4.99593
10.2637  6.90909
9.35188  -3.82257
8.76897  -1.9094
7.43871  -4.40548
6.8558  -2.49232
9.93479  -5.73574
10.5177  -7.64891
8.02163  -6.31865
8.60454  -8.23182
11.2651  -3.23966
10.6821  -1.32649
13.1782  -2.65675
12.5953  -0.743578
11.848  -5.15283
12.4309  -7.066
13.7611  -4.56991
14.344  -6.48308
1.86364  0.168194
2.44655  -1.74497
3.77681  0.751107
4.35972  -1.16206
1.28073  2.08136
0.697813  3.99453
3.19389  2.66428
2.61098  4.57744
-0.0495295  -0.414719
0.533383  -2.32789
-1.9627  -0.997631
-1.37978  -2.9108
-0.632442  1.49845
-1.21536  3.41162
-2.54561  0.915537
-3.12852  2.82871
3.61238  -5.57131
3.02946  -3.65814
5.52555  -4.9884
4.94263  -3.07523
4.19529  -7.48448
4.7782  -9.39765
6.10846  -6.90157
6.69137  -8.81473
1.69921  -6.15422
1.1163  -4.24106
-0.213959  -6.73714
-0.796872  -4.82397
2.28212  -8.06739
2.86503  -9.98056
0.368953  -8.6503
0.951866  -10.5635
6.08082  6.38295
6.66373  4.46978
4.16765  5.80004
4.75056  3.88687
5.49791  8.29612
4.91499  10.2093
3.58474  7.71321
3.00183  9.62637
7.99399  6.96586
8.5769  5.05269
9.90716  7.54878
10.4901  5.63561
7.41107  8.87903
6.82816  10.7922
9.32424  9.46194
8.74133  11.3751
7.82956  0.643445
7.24665  2.55661
5.91639  0.0605324
5.33348  1.9737
8.41247  -1.26972
8.99538  -3.18289
6.4993  -1.85264
7.08222  -3.7658
9.74273  1.22636
9.15981  3.13953
11.6559  1.80927
11.073  3.72244
10.3256  -0.68681
10.9086  -2.59998
12.2388  -0.103897
12.8217  -2.01707
0.341315  4.63421
0.924228  2.72104
2.25448  5.21712
2.8374  3.30396
-0.241598  6.54738
-0.824511  8.46055
1.67157  7.13029
1.08866  9.04346
-1.57185  4.0513
-0.988941  2.13813
-3.48502  3.46839
-2.90211  1.55522
-2.15477  5.96447
-2.73768  7.87764
-4.06793  5.38155
-4.65085  7.29472
2.09005  -1.10529
1.50714  0.807875
4.00322  -0.52238
3.42031  1.39079
2.67297  -3.01846
3.25588  -4.93163
4.58613  -2.43555
5.16905  -4.34872
0.176885  -1.68821
-0.406028  0.224962
-1.73628  -2.27112
-2.3192  -0.357951
0.759798  -3.60137
1.34271  -5.51454
-1.15337  -4.18429
-0.570458  -6.09746
4.58373  7.11887
5.16665  5.2057
2.67057  6.53596
3.25348  4.62279
4.00082  9.03204
3.41791  10.9452
2.08765  8.44913
1.50474  10.3623
6.4969  7.70179
7.07982  5.78862
8.41007  8.2847
8.99298  6.37153
5.91399  9.61495
5.33108  11.5281
7.82716  10.1979
7.24424  12.111
6.33247  1.37937
5.74956  3.29254
4.4193  0.796456
3.83639  2.70962
6.91539  -0.5338
7.4983  -2.44697
5.00222  -1.11671
5.58513  -3.02988
8.24564  1.96228
7.66273  3.87545
10.1588  2.54519
9.5759  4.45836
8.82855  0.0491131
9.41147  -1.86406
10.7417  0.632026
11.3246  -1.28114
-1.15577  5.37013
-0.572858  3.45697
0.757398  5.95305
1.34031  4.03988
-1.73868  7.2833
-2.3216  9.19647
0.174485  7.86622
-0.408428  9.77938
-3.06894  4.78722
-2.48603  2.87405
-4.98211  4.20431
-4.39919  2.29114
-3.65185  6.70039
-4.23476  8.61356
-5.56502  6.11748
-6.14793  8.03065
0.592968  -0.36937
0.010055  1.5438
2.50614  0.213543
1.92322  2.12671
1.17588  -2.28254
1.75879  -4.19571
3.08905  -1.69963
3.67196  -3.61279
-1.3202  -0.952283
-1.90311  0.960886
-3.23337  -1.5352
-3.81628  0.377973
-0.737288  -2.86545
-0.154375  -4.77862
-2.65046  -3.44836
-2.06754  -5.36153
6.81674  7.88004
7.39966  5.96687
4.90357  7.29712
5.48649  5.38395
6.23383  9.7932
5.65092  11.7064
4.32066  9.21029
3.73775  11.1235
8.72991  8.46295
9.31282  6.54978
10.6431  9.04586
11.226  7.13269
8.147  10.3761
7.56409  12.2893
10.0602  10.959
9.47725  12.8722
8.56548  2.14053
7.98257  4.0537
6.65231  1.55762
6.0694  3.47079
9.14839  0.227362
9.73131  -1.68581
7.23523  -0.355551
7.81814  -2.26872
10.4786  2.72344
9.89574  4.63661
12.3918  3.30636
11.8089  5.21952
11.0616  0.810275
11.6445  -1.10289
12.9747  1.39319
13.5576  -0.51998
1.07724  6.1313
1.66015  4.21813
2.99041  6.71421
3.57332  4.80104
0.494325  8.04447
-0.0885875  9.95763
2.40749  8.62738
1.82458  10.5405
-0.83593  5.54838
-0.253017  3.63522
-2.7491  4.96547
-2.16619  3.0523
-1.41884  7.46155
-2.00176  9.37472
-3.33201  6.87864
-3.91492  8.79181
2.82598  0.391792
2.24306  2.30496
4.73914  0.974705
4.15623  2.88787
3.40889  -1.52138
3.9918  -3.43454
5.32206  -0.938463
5.90497  -2.85163
0.912808  -0.191121
0.329895  1.72205
-1.00036  -0.774033
-1.58327  1.13913
1.49572  -2.10429
2.07863  -4.01746
-0.417447  -2.6872
0.165466  -4.60037
5.31966  8.61596
5.90257  6.70279
3.40649  8.03305
3.9894  6.11988
4.73674  10.5291
4.15383  12.4423
2.82358  9.94621
2.24066  11.8594
7.23283  9.19887
7.81574  7.2857
9.14599  9.78178
9.72891  7.86862
6.64991  11.112
6.067  13.0252
8.56308  11.695
7.98017  13.6081
7.0684  2.87645
6.48548  4.78962
5.15523  2.29354
4.57231  4.20671
7.65131  0.963286
8.23422  -0.949883
5.73814  0.380373
6.32105  -1.5328
8.98156  3.45937
8.39865  5.37253
10.8947  4.04228
10.3118  5.95545
9.56448  1.5462
10.1474  -0.36697
11.4776  2.12911
12.0606  0.215943
-0.419847  6.86722
0.163066  4.95405
1.49332  7.45013
2.07623  5.53696
-1.00276  8.78039
-1.58567  10.6936
0.910408  9.3633
0.327495  11.2765
-2.33302  6.28431
-1.7501  4.37114
-4.24618  5.70139
-3.66327  3.78823
-2.91593  8.19748
-3.49884  10.1106
-4.8291  7.61456
-5.41201  9.52773
1.32889  1.12772
0.745978  3.04088
3.24206  1.71063
2.65915  3.6238
1.9118  -0.785453
2.49472  -2.69862
3.82497  -0.20254
4.40788  -2.11571
-0.584277  0.544803
-1.16719  2.45797
-2.49745  -0.0381101
-3.08036  1.87506
-0.00136429  -1.36837
0.581549  -3.28153
-1.91453  -1.95128
-1.33162  -3.86445
7.5779  5.64703
8.16082  3.73386
5.66474  5.06411
6.24765  3.15095
6.99499  7.56019
6.41208  9.47336
5.08182  6.97728
4.49891  8.89045
9.49107  6.22994
10.074  4.31677
11.4042  6.81285
11.9872  4.89968
8.90816  8.14311
8.32525  10.0563
10.8213  8.72602
10.2384  10.6392
9.32664  -0.0924781
8.74373  1.82069
7.41347  -0.675391
6.83056  1.23778
9.90956  -2.00565
10.4925  -3.91881
7.99639  -2.58856
8.5793  -4.50173
11.2398  0.490435
10.6569  2.4036
13.153  1.07335
12.5701  2.98652
11.8227  -1.42273
12.4056  -3.3359
13.7359  -0.839821
14.3188  -2.75299
1.8384  3.89829
2.42131  1.98512
3.75157  4.4812
4.33448  2.56803
1.25549  5.81146
0.672575  7.72462
3.16866  6.39437
2.58574  8.30754
-0.0747681  3.31538
0.508145  1.40221
-1.98794  2.73246
-1.40502  0.819294
-0.657681  5.22854
-1.24059  7.14171
-2.57085  4.64563
-3.15376  6.5588
3.58714  -1.84122
3.00423  0.0719517
5.50031  -1.2583
4.91739  0.654864
4.17005  -3.75438
4.75296  -5.66755
6.08322  -3.17147
6.66613  -5.08464
1.67397  -2.42413
1.09106  -0.510961
-0.239198  -3.00704
-0.822111  -1.09387
2.25688  -4.3373
2.8398  -6.25047
0.343715  -4.92021
0.926628  -6.83338
9.07499  4.9111
9.6579  2.99793
7.16182  4.32819
7.74473  2.41502
8.49208  6.82427
7.90916  8.73744
6.57891  6.24136
5.996  8.15453
10.9882  5.49402
11.5711  3.58085
12.9013  6.07693
13.4842  4.16376
10.4052  7.40718
9.82233  9.32035
12.3184  7.9901
11.7355  9.90327
10.8237  -0.828401
10.2408  1.08477
8.91056  -1.41131
8.32765  0.501854
11.4066  -2.74157
11.9896  -4.65474
9.49347  -3.32448
10.0764  -5.23765
12.7369  -0.245489
12.154  1.66768
14.6501  0.337424
14.0672  2.25059
13.3198  -2.15866
13.9027  -4.07183
15.233  -1.57574
15.8159  -3.48891
3.33549  3.16236
3.9184  1.2492
5.24865  3.74528
5.83157  1.83211
2.75257  5.07553
2.16966  6.9887
4.66574  5.65845
4.08283  7.57161
1.42232  2.57945
2.00523  0.666284
-0.490851  1.99654
0.0920618  0.083371
0.839404  4.49262
0.256492  6.40579
-1.07376  3.90971
-1.65668  5.82288
5.08422  -2.57714
4.50131  -0.663972
6.99739  -1.99423
6.41448  -0.0810588
5.66714  -4.49031
6.25005  -6.40348
7.5803  -3.9074
8.16322  -5.82056
3.17106  -3.16005
2.58814  -1.24688
1.25789  -3.74297
0.674975  -1.8298
3.75397  -5.07322
4.33688  -6.98639
1.8408  -5.65613
2.42371  -7.5693
8.31383  7.14411
8.89674  5.23094
6.40066  6.5612
6.98357  4.64803
7.73092  9.05728
7.148  10.9704
5.81775  8.47437
5.23483  10.3875
10.227  7.72702
10.8099  5.81386
12.1402  8.30994
12.7231  6.39677
9.64408  9.64019
9.06117  11.5534
11.5573  10.2231
10.9743  12.1363
10.0626  1.40461
9.47965  3.31778
8.1494  0.821694
7.56649  2.73486
10.6455  -0.508561
11.2284  -2.42173
8.73231  -1.09147
9.31522  -3.00464
11.9757  1.98752
11.3928  3.90069
13.8889  2.57043
13.306  4.4836
12.5586  0.0743517
13.1416  -1.83882
14.4718  0.657265
15.0547  -1.2559
2.57432  5.39537
3.15724  3.48221
4.48749  5.97829
5.0704  4.06512
1.99141  7.30854
1.4085  9.22171
3.90458  7.89145
3.32167  9.80462
0.661155  4.81246
1.24407  2.89929
-1.25201  4.22955
-0.6691  2.31638
0.0782424  6.72563
-0.50467  8.6388
-1.83493  6.14272
-2.41784  8.05588
4.32306  -0.344131
3.74015  1.56904
6.23623  0.238782
5.65332  2.15195
4.90597  -2.2573
5.48889  -4.17047
6.81914  -1.67439
7.40206  -3.58755
2.40989  -0.927044
1.82698  0.986124
0.496725  -1.50996
-0.0861875  0.403211
2.99281  -2.84021
3.57572  -4.75338
1.07964  -3.42313
1.66255  -5.33629
9.81091  6.40819
10.3938  4.49502
7.89775  5.82528
8.48066  3.91211
9.228  8.32136
8.64509  10.2345
7.31483  7.73844
6.73192  9.65161
11.7241  6.9911
12.307  5.07793
13.6372  7.57401
14.2202  5.66085
11.1412  8.90427
10.5583  10.8174
13.0543  9.48718
12.4714  11.4004
11.5597  0.668684
10.9767  2.58185
9.64648  0.0857711
9.06357  1.99894
12.1426  -1.24448
12.7255  -3.15765
10.2294  -1.8274
10.8123  -3.74057
13.4728  1.2516
12.8899  3.16476
15.386  1.83451
14.8031  3.74768
14.0557  -0.661572
14.6386  -2.57474
15.9689  -0.0786588
16.5518  -1.99183
4.07141  4.65945
4.65432  2.74628
5.98458  5.24236
6.56749  3.32919
3.4885  6.57262
2.90558  8.48579
5.40166  7.15553
4.81875  9.0687
2.15824  4.07654
2.74115  2.16337
0.245072  3.49362
0.827985  1.58046
1.57533  5.98971
0.992415  7.90287
-0.337841  5.40679
-0.920753  7.31996
5.82015  -1.08005
5.23723  0.833114
7.73332  -0.497142
7.1504  1.41603
6.40306  -2.99322
6.98597  -4.90639
8.31623  -2.41031
8.89914  -4.32348
3.90698  -1.66297
3.32407  0.250201
1.99381  -2.24588
1.4109  -0.332712
4.48989  -3.57614
5.0728  -5.4893
2.57672  -4.15905
3.15964  -6.07222
0.85364  7.09363
1.43655  5.18047
-1.05953  6.51072
-0.476615  4.59755
0.270727  9.0068
-0.312185  10.92
-1.64244  8.42389
-2.22535  10.3371
2.76681  7.67655
3.34972  5.76338
4.67998  8.25946
5.26289  6.34629
2.1839  9.58972
1.60098  11.5029
4.09706  10.1726
3.51415  12.0858
2.60238  1.35413
2.01947  3.2673
0.68921  0.771217
0.106298  2.68439
3.18529  -0.559038
3.7682  -2.47221
1.27212  -1.14195
1.85504  -3.05512
4.51555  1.93704
3.93263  3.85021
6.42871  2.51996
5.8458  4.43312
5.09846  0.0238744
5.68137  -1.88929
7.01163  0.606787
7.59454  -1.30638
-4.88586  5.3449
-4.30295  3.43173
-2.9727  5.92781
-2.38978  4.01464
-5.46878  7.25806
-6.05169  9.17123
-3.55561  7.84098
-4.13852  9.75415
-6.79903  4.76198
-6.21612  2.84882
-8.7122  4.17907
-8.12929  2.2659
-7.38195  6.67515
-7.96486  8.58832
-9.29511  6.09224
-9.87803  8.00541
-3.13713  -0.394609
-3.72004  1.51856
-1.22396  0.188304
-1.80687  2.10147
-2.55421  -2.30778
-1.9713  -4.22095
-0.641045  -1.72486
-0.0581323  -3.63803
-5.05029  -0.977521
-5.63321  0.935647
-6.96346  -1.56043
-7.54638  0.352734
-4.46738  -2.89069
-3.88447  -4.80386
-6.38055  -3.4736
-5.79764  -5.38677
2.35073  6.35771
2.93364  4.44454
0.437557  5.7748
1.02047  3.86163
1.76781  8.27088
1.1849  10.184
-0.145356  7.68797
-0.728268  9.60113
4.26389  6.94062
4.84681  5.02746
6.17706  7.52354
6.75997  5.61037
3.68098  8.85379
3.09807  10.767
5.59415  9.43671
5.01124  11.3499
4.09946  0.618207
3.51655  2.53137
2.1863  0.0352937
1.60338  1.94846
4.68238  -1.29496
5.26529  -3.20813
2.76921  -1.87787
3.35212  -3.79104
6.01263  1.20112
5.42972  3.11429
7.9258  1.78403
7.34289  3.6972
6.59554  -0.712049
7.17846  -2.62522
8.50871  -0.129136
9.09163  -2.0423
-3.38878  4.60897
-2.80587  2.6958
-1.47561  5.19189
-0.892698  3.27872
-3.97169  6.52214
-4.5546  8.43531
-2.05852  7.10505
-2.64144  9.01822
-5.30195  4.02606
-4.71903  2.11289
-7.21512  3.44315
-6.6322  1.52998
-5.88486  5.93923
-6.46777  7.8524
-7.79803  5.35632
-8.38094  7.26948
-1.64004  -1.13053
-2.22295  0.782636
0.273127  -0.547619
-0.309785  1.36555
-1.05713  -3.0437
-0.474215  -4.95687
0.85604  -2.46079
1.43895  -4.37396
-3.55321  -1.71344
-4.13612  0.199724
-5.46638  -2.29636
-6.04929  -0.383189
-2.9703  -3.62661
-2.38738  -5.53978
-4.88346  -4.20953
-4.30055  -6.12269
0.117717  5.59655
0.70063  3.68338
-1.79545  5.01364
-1.21254  3.10047
-0.465196  7.50972
-1.04811  9.42289
-2.37836  6.9268
-2.96128  8.83997
2.03089  6.17946
2.6138  4.26629
3.94405  6.76237
4.52697  4.84921
1.44797  8.09263
0.865059  10.0058
3.36114  8.67554
2.77823  10.5887
1.86646  -0.142956
1.28354  1.77021
-0.046713  -0.725868
-0.629626  1.1873
2.44937  -2.05612
3.03228  -3.96929
0.5362  -2.63904
1.11911  -4.5522
3.77962  0.439957
3.19671  2.35313
5.69279  1.02287
5.10988  2.93604
4.36254  -1.47321
4.94545  -3.38638
6.2757  -0.890298
6.85862  -2.80347
-5.62179  3.84781
-5.03888  1.93464
-3.70862  4.43072
-3.12571  2.51756
-6.2047  5.76098
-6.78761  7.67415
-4.29153  6.34389
-4.87445  8.25706
-7.53496  3.2649
-6.95204  1.35173
-9.44812  2.68199
-8.86521  0.768817
-8.11787  5.17807
-8.70078  7.09123
-10.031  4.59515
-10.6139  6.50832
-3.87305  -1.89169
-4.45596  0.0214743
-1.95988  -1.30878
-2.54279  0.604387
-3.29014  -3.80486
-2.70722  -5.71803
-1.37697  -3.22195
-0.794056  -5.13512
-5.78622  -2.47461
-6.36913  -0.561438
-7.69939  -3.05752
-8.2823  -1.14435
-5.2033  -4.38777
-4.62039  -6.30094
-7.11647  -4.97069
-6.53356  -6.88386
1.6148  4.86063
2.19771  2.94746
-0.298366  4.27771
0.284547  2.36454
1.03189  6.77379
0.448977  8.68696
-0.881279  6.19088
-1.46419  8.10405
3.52797  5.44354
4.11088  3.53037
5.44114  6.02645
6.02405  4.11328
2.94506  7.35671
2.36214  9.26988
4.85823  7.93962
4.27531  9.85279
3.36354  -0.878879
2.78063  1.03429
1.45037  -1.46179
0.86746  0.451377
3.94645  -2.79205
4.52937  -4.70522
2.03329  -3.37496
2.6162  -5.28813
5.27671  -0.295966
4.6938  1.6172
7.18988  0.286947
6.60696  2.20011
5.85962  -2.20913
6.44253  -4.1223
7.77279  -1.62622
8.3557  -3.53939
-4.1247  3.11189
-3.54179  1.19872
-2.21153  3.6948
-1.62862  1.78163
-4.70762  5.02506
-5.29053  6.93822
-2.79445  5.60797
-3.37736  7.52114
-6.03787  2.52897
-5.45496  0.615806
-7.95104  1.94606
-7.36813  0.0328937
-6.62078  4.44214
-7.2037  6.35531
-8.53395  3.85923
-9.11686  5.7724
-2.37596  -2.62762
-2.95888  -0.714449
-0.462796  -2.0447
-1.04571  -0.131536
-1.79305  -4.54079
-1.21014  -6.45395
0.120117  -3.95787
0.70303  -5.87104
-4.28913  -3.21053
-4.87205  -1.29736
-6.2023  -3.79344
-6.78521  -1.88027
-3.70622  -5.1237
-3.12331  -7.03687
-5.61939  -5.70661
-5.03648  -7.61978
-0.643445  7.82956
-0.0605324  5.91639
-2.55661  7.24665
-1.9737  5.33348
-1.22636  9.74273
-1.80927  11.6559
-3.13953  9.15981
-3.72244  11.073
1.26972  8.41247
1.85264  6.4993
3.18289  8.99538
3.7658  7.08222
0.68681  10.3256
0.103897  12.2388
2.59998  10.9086
2.01707  12.8217
1.10529  2.09005
0.52238  4.00322
-0.807875  1.50714
-1.39079  3.42031
1.68821  0.176885
2.27112  -1.73628
-0.224962  -0.406028
0.357951  -2.3192
3.01846  2.67297
2.43555  4.58613
4.93163  3.25588
4.34872  5.16905
3.60137  0.759798
4.18429  -1.15337
5.51454  1.34271
6.09746  -0.570458
-6.38295  6.08082
-5.80004  4.16765
-4.46978  6.66373
-3.88687  4.75056
-6.96586  7.99399
-7.54878  9.90716
-5.05269  8.5769
-5.63561  10.4901
-8.29612  5.49791
-7.71321  3.58474
-10.2093  4.91499
-9.62637  3.00183
-8.87903  7.41107
-9.46194  9.32424
-10.7922  6.82816
-11.3751  8.74133
-4.63421  0.341315
-5.21712  2.25448
-2.72104  0.924228
-3.30396  2.8374
-4.0513  -1.57185
-3.46839  -3.48502
-2.13813  -0.988941
-1.55522  -2.90211
-6.54738  -0.241598
-7.13029  1.67157
-8.46055  -0.824511
-9.04346  1.08866
-5.96447  -2.15477
-5.38155  -4.06793
-7.87764  -2.73768
-7.29472  -4.65085
-2.14053  8.56548
-1.55762  6.65231
-4.0537  7.98257
-3.47079  6.0694
-2.72344  10.4786
-3.30636  12.3918
-4.63661  9.89574
-5.21952  11.8089
-0.227362  9.14839
0.355551  7.23523
1.68581  9.73131
2.26872  7.81814
-0.810275  11.0616
-1.39319  12.9747
1.10289  11.6445
0.51998  13.5576
-0.391792  2.82598
-0.974705  4.73914
-2.30496  2.24306
-2.88787  4.15623
0.191121  0.912808
0.774033  -1.00036
-1.72205  0.329895
-1.13913  -1.58327
1.52138  3.40889
0.938463  5.32206
3.43454  3.9918
2.85163  5.90497
2.10429  1.49572
2.6872  -0.417447
4.01746  2.07863
4.60037  0.165466
-7.88004  6.81674
-7.29712  4.90357
-5.96687  7.39966
-5.38395  5.48649
-8.46295  8.72991
-9.04586  10.6431
-6.54978  9.31282
-7.13269  11.226
-9.7932  6.23383
-9.21029  4.32066
-11.7064  5.65092
-11.1235  3.73775
-10.3761  8.147
-10.959  10.0602
-12.2893  7.56409
-12.8722  9.47725
-6.1313  1.07724
-6.71421  2.99041
-4.21813  1.66015
-4.80104  3.57332
-5.54838  -0.83593
-4.96547  -2.7491
-3.63522  -0.253017
-3.0523  -2.16619
-8.04447  0.494325
-8.62738  2.40749
-9.95763  -0.0885875
-10.5405  1.82458
-7.46155  -1.41884
-6.87864  -3.33201
-9.37472  -2.00176
-8.79181  -3.91492
-1.37937  6.33247
-0.796456  4.4193
-3.29254  5.74956
-2.70962  3.83639
-1.96228  8.24564
-2.54519  10.1588
-3.87545  7.66273
-4.45836  9.5759
0.5338  6.91539
1.11671  5.00222
2.44697  7.4983
3.02988  5.58513
-0.0491131  8.82855
-0.632026  10.7417
1.86406  9.41147
1.28114  11.3246
0.36937  0.592968
-0.213543  2.50614
-1.5438  0.010055
-2.12671  1.92322
0.952283  -1.3202
1.5352  -3.23337
-0.960886  -1.90311
-0.377973  -3.81628
2.28254  1.17588
1.69963  3.08905
4.19571  1.75879
3.61279  3.67196
2.86545  -0.737288
3.44836  -2.65046
4.77862  -0.154375
5.36153  -2.06754
-7.11887  4.58373
-6.53596  2.67057
-5.2057  5.16665
-4.62279  3.25348
-7.70179  6.4969
-8.2847  8.41007
-5.78862  7.07982
-6.37153  8.99298
-9.03204  4.00082
-8.44913  2.08765
-10.9452  3.41791
-10.3623  1.50474
-9.61495  5.91399
-10.1979  7.82716
-11.5281  5.33108
-12.111  7.24424
-5.37013  -1.15577
-5.95305  0.757398
-3.45697  -0.572858
-4.03988  1.34031
-4.78722  -3.06894
-4.20431  -4.98211
-2.87405  -2.48603
-2.29114  -4.39919
-7.2833  -1.73868
-7.86622  0.174485
-9.19647  -2.3216
-9.77938  -0.408428
-6.70039  -3.65185
-6.11748  -5.56502
-8.61356  -4.23476
-8.03065  -6.14793
-2.87645  7.0684
-2.29354  5.15523
-4.78962  6.48548
-4.20671  4.57231
-3.45937  8.98156
-4.04228  10.8947
-5.37253  8.39865
-5.95545  10.3118
-0.963286  7.65131
-0.380373  5.73814
0.949883  8.23422
1.5328  6.32105
-1.5462  9.56448
-2.12911  11.4776
0.36697  10.1474
-0.215943  12.0606
-1.12772  1.32889
-1.71063  3.24206
-3.04088  0.745978
-3.6238  2.65915
-0.544803  -0.584277
0.0381101  -2.49745
-2.45797  -1.16719
-1.87506  -3.08036
0.785453  1.9118
0.20254  3.82497
2.69862  2.49472
2.11571  4.40788
1.36837  -0.00136429
1.95128  -1.91453
3.28153  0.581549
3.86445  -1.33162
-8.61596  5.31966
-8.03305  3.40649
-6.70279  5.90257
-6.11988  3.9894
-9.19887  7.23283
-9.78178  9.14599
-7.2857  7.81574
-7.86862  9.72891
-10.5291  4.73674
-9.94621  2.82358
-12.4423  4.15383
-11.8594  2.24066
-11.112  6.64991
-11.695  8.56308
-13.0252  6.067
-13.6081  7.98017
-6.86722  -0.419847
-7.45013  1.49332
-4.95405  0.163066
-5.53696  2.07623
-6.28431  -2.33302
-5.70139  -4.24618
-4.37114  -1.7501
-3.78823  -3.66327
-8.78039  -1.00276
-9.3633  0.910408
-10.6936  -1.58567
-11.2765  0.327495
-8.19748  -2.91593
-7.61456  -4.8291
-10.1106  -3.49884
-9.52773  -5.41201
1.58956  8.59072
2.17248  6.67755
-0.323605  8.00781
0.259308  6.09464
1.00665  10.5039
0.423738  12.4171
-0.906518  9.92098
-1.48943  11.8341
3.50273  9.17363
4.08564  7.26046
5.4159  9.75655
5.99881  7.84338
2.91982  11.0868
2.33691  13
4.83299  11.6697
4.25007  13.5829
3.3383  2.85122
2.75539  4.76438
1.42513  2.2683
0.842221  4.18147
3.92121  0.938047
4.50413  -0.975121
2.00805  0.355134
2.59096  -1.55803
5.25147  3.43413
4.66856  5.3473
7.16464  4.01704
6.58173  5.93021
5.83438  1.52096
6.4173  -0.392209
7.74755  2.10387
8.33046  0.190704
-4.14994  6.84198
-3.56703  4.92881
-2.23677  7.42489
-1.65386  5.51173
-4.73285  8.75515
-5.31577  10.6683
-2.81969  9.33806
-3.4026  11.2512
-6.06311  6.25907
-5.4802  4.3459
-7.97628  5.67616
-7.39336  3.76299
-6.64602  8.17224
-7.22894  10.0854
-8.55919  7.58932
-9.1421  9.50249
-2.4012  1.10248
-2.98412  3.01564
-0.488035  1.68539
-1.07095  3.59856
-1.81829  -0.810691
-1.23538  -2.72386
0.0948782  -0.227779
0.677791  -2.14095
-4.31437  0.519564
-4.89728  2.43273
-6.22754  -0.0633488
-6.81045  1.84982
-3.73146  -1.3936
-3.14855  -3.30677
-5.64463  -1.97652
-5.06171  -3.88969
3.08665  7.8548
3.66956  5.94163
1.17348  7.27188
1.75639  5.35872
2.50374  9.76796
1.92082  11.6811
0.590568  9.18505
0.00765498  11.0982
4.99982  8.43771
5.58273  6.52454
6.91299  9.02062
7.4959  7.10745
4.4169  10.3509
3.83399  12.264
6.33007  10.9338
5.74716  12.847
4.83539  2.11529
4.25247  4.02846
2.92222  1.53238
2.33931  3.44555
5.4183  0.202124
6.00121  -1.71104
3.50513  -0.380789
4.08804  -2.29396
6.74856  2.6982
6.16564  4.61137
8.66172  3.28112
8.07881  5.19429
7.33147  0.785036
7.91438  -1.12813
9.24464  1.36795
9.82755  -0.545219
-2.65286  6.10606
-2.06994  4.19289
-0.739688  6.68897
-0.156775  4.7758
-3.23577  8.01923
-3.81868  9.93239
-1.3226  8.60214
-1.90551  10.5153
-4.56602  5.52315
-3.98311  3.60998
-6.47919  4.94023
-5.89628  3.02706
-5.14894  7.43631
-5.73185  9.34948
-7.06211  6.8534
-7.64502  8.76657
-0.904118  0.366553
-1.48703  2.27972
1.00905  0.949466
0.426138  2.86263
-0.321205  -1.54661
0.261708  -3.45978
1.59196  -0.963702
2.17488  -2.87687
-2.81729  -0.216359
-3.4002  1.69681
-4.73045  -0.799272
-5.31337  1.1139
-2.23437  -2.12953
-1.65146  -4.0427
-4.14754  -2.71244
-3.56463  -4.62561
2.32549  10.0878
2.9084  8.17464
0.412319  9.50489
0.995231  7.59172
1.74257  12.001
1.15966  13.9141
-0.170594  11.4181
-0.753507  13.3312
4.23866  10.6707
4.82157  8.75755
6.15182  11.2536
6.73474  9.34046
3.65574  12.5839
3.07283  14.4971
5.56891  13.1668
4.986  15.08
4.07423  4.3483
3.49131  6.26147
2.16106  3.76539
1.57814  5.67856
4.65714  2.43513
5.24005  0.521964
2.74397  1.85222
3.32688  -0.0609488
5.98739  4.93121
5.40448  6.84438
7.90056  5.51413
7.31765  7.42729
6.57031  3.01805
7.15322  1.10488
8.48347  3.60096
9.06639  1.68779
-3.41402  8.33907
-2.83111  6.4259
-1.50085  8.92198
-0.917937  7.00881
-3.99693  10.2522
-4.57984  12.1654
-2.08376  10.8351
-2.66668  12.7483
-5.32719  7.75615
-4.74427  5.84299
-7.24035  7.17324
-6.65744  5.26007
-5.9101  9.66932
-6.49301  11.5825
-7.82327  9.08641
-8.40618  10.9996
-1.66528  2.59956
-2.24819  4.51273
0.247889  3.18247
-0.335024  5.09564
-1.08237  0.686394
-0.499454  -1.22677
0.830802  1.26931
1.41371  -0.643862
-3.57845  2.01665
-4.16136  3.92982
-5.49162  1.43374
-6.07453  3.3469
-2.99553  0.103481
-2.41262  -1.80969
-4.9087  -0.479432
-4.32579  -2.3926
3.82257  9.35188
4.40548  7.43871
1.9094  8.76897
2.49232  6.8558
3.23966  11.2651
2.65675  13.1782
1.32649  10.6821
0.743578  12.5953
5.73574  9.93479
6.31865  8.02163
7.64891  10.5177
8.23182  8.60454
5.15283  11.848
4.56991  13.7611
7.066  12.4309
6.48308  14.344
5.57131  3.61238
4.9884  5.52555
3.65814  3.02946
3.07523  4.94263
6.15422  1.69921
6.73714  -0.213959
4.24106  1.1163
4.82397  -0.796872
7.48448  4.19529
6.90157  6.10846
9.39765  4.7782
8.81473  6.69137
8.06739  2.28212
8.6503  0.368953
9.98056  2.86503
10.5635  0.951866
-1.91693  7.60314
-1.33402  5.68998
-0.00376433  8.18606
0.579148  6.27289
-2.49985  9.51631
-3.08276  11.4295
-0.586677  10.0992
-1.16959  12.0124
-3.8301  7.02023
-3.24719  5.10706
-5.74327  6.43732
-5.16036  4.52415
-4.41301  8.9334
-4.99593  10.8466
-6.32618  8.35049
-6.90909  10.2637
-0.168194  1.86364
-0.751107  3.77681
1.74497  2.44655
1.16206  4.35972
0.414719  -0.0495295
0.997631  -1.9627
2.32789  0.533383
2.9108  -1.37978
-2.08136  1.28073
-2.66428  3.19389
-3.99453  0.697813
-4.57744  2.61098
-1.49845  -0.632442
-0.915537  -2.54561
-3.41162  -1.21536
-2.82871  -3.12852
0.0924781  9.32664
0.675391  7.41347
-1.82069  8.74373
-1.23778  6.83056
-0.490435  11.2398
-1.07335  13.153
-2.4036  10.6569
-2.98652  12.5701
2.00565  9.90956
2.58856  7.99639
3.91881  10.4925
4.50173  8.5793
1.42273  11.8227
0.839821  13.7359
3.3359  12.4056
2.75299  14.3188
1.84122  3.58714
1.2583  5.50031
-0.0719517  3.00423
-0.654864  4.91739
2.42413  1.67397
3.00704  -0.239198
0.510961  1.09106
1.09387  -0.822111
3.75438  4.17005
3.17147  6.08322
5.66755  4.75296
5.08464  6.66613
4.3373  2.25688
4.92021  0.343715
6.25047  2.8398
6.83338  0.926628
-5.64703  7.5779
-5.06411  5.66474
-3.73386  8.16082
-3.15095  6.24765
-6.22994  9.49107
-6.81285  11.4042
-4.31677  10.074
-4.89968  11.9872
-7.56019  6.99499
-6.97728  5.08182
-9.47336  6.41208
-8.89045  4.49891
-8.14311  8.90816
-8.72602  10.8213
-10.0563  8.32525
-10.6392  10.2384
-3.89829  1.8384
-4.4812  3.75157
-1.98512  2.42131
-2.56803  4.33448
-3.31538  -0.0747681
-2.73246  -1.98794
-1.40221  0.508145
-0.819294  -1.40502
-5.81146  1.25549
-6.39437  3.16866
-7.72462  0.672575
-8.30754  2.58574
-5.22854  -0.657681
-4.64563  -2.57085
-7.14171  -1.24059
-6.5588  -3.15376
-1.40461  10.0626
-0.821694  8.1494
-3.31778  9.47965
-2.73486  7.56649
-1.98752  11.9757
-2.57043  13.8889
-3.90069  11.3928
-4.4836  13.306
0.508561  10.6455
1.09147  8.73231
2.42173  11.2284
3.00464  9.31522
-0.0743517  12.5586
-0.657265  14.4718
1.83882  13.1416
1.2559  15.0547
0.344131  4.32306
-0.238782  6.23623
-1.56904  3.74015
-2.15195  5.65332
0.927044  2.40989
1.50996  0.496725
-0.986124  1.82698
-0.403211  -0.0861875
2.2573  4.90597
1.67439  6.81914
4.17047  5.48889
3.58755  7.40206
2.84021  2.99281
3.42313  1.07964
4.75338  3.57572
5.33629  1.66255
-7.14411  8.31383
-6.5612  6.40066
-5.23094  8.89674
-4.64803  6.98357
-7.72702  10.227
-8.30994  12.1402
-5.81386  10.8099
-6.39677  12.7231
-9.05728  7.73092
-8.47437  5.81775
-10.9704  7.148
-10.3875  5.23483
-9.64019  9.64408
-10.2231  11.5573
-11.5534  9.06117
-12.1363  10.9743
-5.39537  2.57432
-5.97829  4.48749
-3.48221  3.15724
-4.06512  5.0704
-4.81246  0.661155
-4.22955  -1.25201
-2.89929  1.24407
-2.31638  -0.6691
-7.30854  1.99141
-7.89145  3.90458
-9.22171  1.4085
-9.80462  3.32167
-6.72563  0.0782424
-6.14272  -1.83493
-8.6388  -0.50467
-8.05588  -2.41784
0.828401  10.8237
1.41131  8.91056
-1.08477  10.2408
-0.501854  8.32765
0.245489  12.7369
-0.337424  14.6501
-1.66768  12.154
-2.25059  14.0672
2.74157  11.4066
3.32448  9.49347
4.65474  11.9896
5.23765  10.0764
2.15866  13.3198
1.57574  15.233
4.07183  13.9027
3.48891  15.8159
2.57714  5.08422
1.99423  6.99739
0.663972  4.50131
0.0810588  6.41448
3.16005  3.17106
3.74297  1.25789
1.24688  2.58814
1.8298  0.674975
4.49031  5.66714
3.9074  7.5803
6.40348  6.25005
5.82056  8.16322
5.07322  3.75397
5.65613  1.8408
6.98639  4.33688
7.5693  2.42371
-4.9111  9.07499
-4.32819  7.16182
-2.99793  9.6579
-2.41502  7.74473
-5.49402  10.9882
-6.07693  12.9013
-3.58085  11.5711
-4.16376  13.4842
-6.82427  8.49208
-6.24136  6.57891
-8.73744  7.90916
-8.15453  5.996
-7.40718  10.4052
-7.9901  12.3184
-9.32035  9.82233
-9.90327  11.7355
-3.16236  3.33549
-3.74528  5.24865
-1.2492  3.9184
-1.83211  5.83157
-2.57945  1.42232
-1.99654  -0.490851
-0.666284  2.00523
-0.083371  0.0920618
-5.07553  2.75257
-5.65845  4.66574
-6.9887  2.16966
-7.57161  4.08283
-4.49262  0.839404
-3.90971  -1.07376
-6.40579  0.256492
-5.82288  -1.65668
-0.668684  11.5597
-0.0857711  9.64648
-2.58185  10.9767
-1.99894  9.06357
-1.2516  13.4728
-1.83451  15.386
-3.16476  12.8899
-3.74768  14.8031
1.24448  12.1426
1.8274  10.2294
3.15765  12.7255
3.74057  10.8123
0.661572  14.0557
0.0786588  15.9689
2.57474  14.6386
1.99183  16.5518
1.08005  5.82015
0.497142  7.73332
-0.833114  5.23723
-1.41603  7.1504
1.66297  3.90698
2.24588  1.99381
-0.250201  3.32407
0.332712  1.4109
2.99322  6.40306
2.41031  8.31623
4.90639  6.98597
4.32348  8.89914
3.57614  4.48989
4.15905  2.57672
5.4893  5.0728
6.07222  3.15964
-6.40819  9.81091
-5.82528  7.89775
-4.49502  10.3938
-3.91211  8.48066
-6.9911  11.7241
-7.57401  13.6372
-5.07793  12.307
-5.66085  14.2202
-8.32136  9.228
-7.73844  7.31483
-10.2345  8.64509
-9.65161  6.73192
-8.90427  11.1412
-9.48718  13.0543
-10.8174  10.5583
-11.4004  12.4714
-4.65945  4.07141
-5.24236  5.98458
-2.74628  4.65432
-3.32919  6.56749
-4.07654  2.15824
-3.49362  0.245072
-2.16337  2.74115
-1.58046  0.827985
-6.57262  3.4885
-7.15553  5.40166
-8.48579  2.90558
-9.0687  4.81875
-5.98971  1.57533
-5.40679  -0.337841
-7.90287  0.992415
-7.31996  -0.920753
